  0.000000000000000E+000           2          10
   6088262.40000000                2          10
   12176524.8000000                5          15
   21032179.2000000                2          10
   27120441.6000000                5          15
   35976096.0000000                3          11
   42617836.7999999                3          11
   49259577.5999999                5          15
   58115231.9999999                5          15
   66970886.3999999                4          12
