0		0.00000		1056.9375	0	0.00000
1.044386423	1.04439		1071.021758	0.003519809	1.21577
2.872062663	2.87206		1066.372335	0.009679476	3.34336
4.699738903	4.69974		1060.160411	0.015839142	5.47095
6.788511749	6.78851		1050.828927	0.02287876	7.90248
8.61618799	8.61619		1044.617004	0.029038427	10.03007
10.44386423	10.44386	1036.842581	0.035198093	12.15766
12.79373368	12.79373	1025.954036	0.043117664	14.89314
15.14360313	15.14360	1016.627992	0.051037235	17.62861
16.97127937	16.97128	1007.291068	0.057196901	19.75620
19.58224543	19.58225	994.8454634	0.065996424	22.79561
20.247		20.247		999.549282	0.068236792	23.56945
30.39600	20.247		965.3809835	0.068236792	23.56945
31.8537859	21.70479	979.4761205	0.07347257	24.78732
33.94255875	23.79356	970.1446366	0.080974599	26.53232
36.5535248	26.40452	954.5740318	0.090352136	28.71358
39.42558747	29.27659	939.0088664	0.100667425	31.11296
41.51436031	31.36536	924.9898825	0.108169454	32.85796
42.03655352	31.88755	945.3132615	0.110044962	33.29421
44.90861619	34.75962	932.8730962	0.120360251	35.69359
47.25848564	37.10949	925.1095518	0.128800034	37.65672
48.04177546	37.89278	942.3133703	0.131613295	38.31110
50.1305483	39.98155	929.8568864	0.139115324	40.05610
52.24100	42.09200	923.6504025	0.146695214	41.81922
63.05000	42.09200	798.8734225	0.146695214	41.81922
64.75195822	43.79396	795.7864991	0.152277922	42.64339
66.05744125	45.09944	820.8136967	0.156560125	43.27556
67.62402089	46.66602	809.9088338	0.161698768	44.03418
68.1462141	47.18821	941.1697128	0.163411649	44.28705
71.80156658	50.84357	922.495866	0.175401817	46.05714
72.32375979	51.36576	935.006745	0.177114698	46.31001
74.41253264	53.45453	920.9877611	0.183966222	47.32150
75.45691906	54.49892	935.0720191	0.187391985	47.82724
76.76240209	55.80440	927.2867167	0.191674187	48.45942
77.2845953	56.32660	936.6725957	0.193387069	48.71229
80.67885117	59.72085	925.8058094	0.204520796	50.35595
82.50652742	61.54853	918.031386	0.21051588	51.24100
83.02872063	62.07072	932.104765	0.212228761	51.49387
84.64600	63.68800	938.3874021	0.217533708	52.27703
95.05000	63.68800	894.2924826	0.217533708	52.27703
96.08355091	64.72155	902.1267406	0.250786604	53.01481
97.91122715	66.54923	895.9148172	0.309589249	54.31947
99.73890339	68.37690	881.8903938	0.368391895	55.62412
101.8276762	70.46568	867.8714099	0.435594919	57.11516
103.6553525	72.29335	855.4094865	0.494397564	58.41981
105.7441253	74.38213	841.3905026	0.561600588	59.91085
107.5718016	76.20980	830.4910792	0.620403234	60.82453
109.921671	78.55967	816.4775348	0.696006635	61.99926
112.2715405	80.90954	805.5889904	0.771610037	63.17400
112.7937337	81.43173	819.6623695	0.788410793	63.43505
116.45300	85.09100	800.9885226	0.906142006	65.26437
125.18900	85.09100	769.9180265	0.906142006	65.26437
126.3707572	86.27276	768.3827241	0.94377708	65.66248
126.6318538	86.53385	837.1381636	0.952092147	65.75044
127.6762402	87.57824	818.4099217	0.985352416	66.10228
130.2872063	90.18921	796.5893168	1.068503087	66.98186
130.8093995	90.71140	807.5376958	1.085133221	67.15778
132.6370757	92.53908	796.6382724	1.14333869	67.77349
133.6814621	93.58346	810.7225305	1.176598959	68.12532
135.5091384	95.41114	796.698107	1.234804428	68.74103
137.075718	96.97772	785.7932441	1.284694831	69.26878
137.5979112	97.49991	799.8666232	1.301324965	69.44470
140.55600	100.45800	798.3639578	1.395530351	70.44122
143.24100	100.45800	698.4183529	1.395530351	70.44122
144.386423	101.60342	696.8830505	1.432883482	70.76643
144.6475196	101.86452	792.20099	1.441398044	70.84056
145.9530026	103.17000	785.9781876	1.483970857	71.21122
146.4751958	103.69220	796.9265666	1.500999983	71.35948
147.2584856	104.47549	792.2553851	1.52654367	71.58187
149.33100	106.54800	795.4184617	1.594129969	72.17031
155.49600	106.54800	875.23651	1.594129969	72.17031
157.1801567	108.23216	858.0870866	1.648912096	72.51397
158.4856397	109.53764	840.9267842	1.691376754	72.78037
158.7467363	109.79874	883.1197237	1.699869685	72.83365
159.5300261	110.58203	905.0110422	1.72534848	72.99348
160.8355091	111.88751	956.6007398	1.767813138	73.25988
161.3577023	112.40970	919.1116188	1.784799001	73.36644
162.11500	113.16700	965.9974978	1.809432325	73.52097
162.13100	113.16700	936.3154373	1.809432325	73.52097
164.229765	115.26577	922.2964534	1.877897241	73.84966
166.3185379	117.35454	916.0899695	1.946036197	74.17679
166.5796345	117.61563	948.9079091	1.954553566	74.21768
168.4073107	119.44331	938.0084856	2.014175153	74.50392
168.6684073	119.70441	964.5764252	2.022692523	74.54481
169.7127937	120.74879	919.2856832	2.056762001	74.70837
172.03300	123.06900	911.5166993	2.132450668	75.07175
177.40400	123.06900	885.0684291	2.132450668	75.07175
178.3289817	123.99398	877.2776871	2.162404168	75.17048
178.5900783	124.25508	849.1581266	2.170859208	75.19836
179.1122715	124.77727	844.4815057	2.187769287	75.25410
179.3733681	125.03837	825.7369452	2.196224327	75.28197
180.156658	125.82166	822.6282637	2.221589446	75.36558
180.4177546	126.08275	799.1962032	2.230044486	75.39345
182.90300	128.56700	780.4951588	2.310523697	75.65874
216.10700	128.56700	714.0039164	2.310523697	75.65874
216.7101828	129.17018	889.0147955	2.330406663	75.72162
217.7545692	130.21457	898.4115535	2.364833212	75.83049
220.3655352	132.82554	900.0284487	2.450899583	76.10268
222.4543081	134.91431	893.8219648	2.519752679	76.32043
224.2819843	136.74198	890.7350413	2.579999139	76.51097
225.848564	138.30856	887.6426784	2.631638962	76.67428
227.38400	139.84400	884.544876	2.682252184	76.83435
230.00500	139.84400	601.7867711	2.682252184	76.83435
231.0704961	140.90950	609.6264687	2.720327463	76.92116
231.8537859	141.69279	884.6427872	2.748318159	76.98499
232.3759791	142.21498	881.5286662	2.766978624	77.02753
233.6814621	143.52046	878.4308638	2.813629785	77.13390
234.86900	144.70900	875.3276218	2.8560662	77.23066
237.50800	144.70900	639.444517	2.8560662	77.23066
238.1201044	145.32110	669.1483355	2.875747879	77.27465
238.9033943	146.10439	872.289654	2.900933872	77.33094
239.6866841	146.88768	848.8684726	2.926119866	77.38723
240.4699739	147.67097	831.6972911	2.951305859	77.44352
241.7754569	148.97646	823.9119887	2.993282515	77.53733
243.03200	150.23300	822.3766862	3.033685551	77.62763
247.47800	150.23300	597.469158	3.033685551	77.62763
249.0861619	151.84116	603.751795	3.087684841	77.72115
249.8694517	152.62445	869.3931136	3.113986357	77.76670
250.3916449	153.14664	858.4664926	3.1315207	77.79706
252.2193211	154.97432	853.8170692	3.192890903	77.90334
254.0469974	156.80200	852.2926458	3.254261106	78.00963
256.1357702	158.89077	849.2111619	3.32439848	78.13109
257.9634465	160.71845	850.8117385	3.385768683	78.23737
259.0078329	161.76283	855.5209965	3.42083737	78.29810
259.2689295	162.02393	589.901436	3.429604542	78.31329
260.0522193	162.80722	833.6677546	3.455906057	78.35884
261.31000	164.06500	836.8199521	3.498140154	78.43198
264.185		164.06500	599.3797868	3.498140154	78.43198
264.7519582	164.63196	815.0156658	3.517026844	78.46644
265.535248	165.41525	818.1569843	3.543120041	78.51404
265.7963446	165.67634	841.5999238	3.551817773	78.52991
267.483		167.363		847.8880004	3.608004166	78.63241
270.211		167.363		590.1298956	3.608004166	78.63241
271.2793734	168.43137	596.4016536	3.644263733	78.63589
272.0626632	169.21466	824.5429721	3.670847838	78.63845
272.845953	169.99795	832.3717907	3.697431943	78.64100
273.8903394	171.04234	829.2685487	3.732877416	78.64440
274.706		171.858		835.5348673	3.760560153	78.64706
