     0.50101E-02    -0.14961E-01    -0.18955E-01    -0.14957E-01    -0.18955E-01
     0.14076E-01    -0.15699E-01    -0.18962E-01    -0.15693E-01    -0.18961E-01
     0.28269E-01    -0.16806E-01    -0.18994E-01    -0.16796E-01    -0.18993E-01
     0.47112E-01    -0.17911E-01    -0.19040E-01    -0.17898E-01    -0.19038E-01
     0.67841E-01    -0.18567E-01    -0.19056E-01    -0.18554E-01    -0.19054E-01
     0.88655E-01    -0.18900E-01    -0.19052E-01    -0.18887E-01    -0.19050E-01
     0.10820E+00    -0.18999E-01    -0.19030E-01    -0.18987E-01    -0.19027E-01
     0.12580E+00    -0.18953E-01    -0.18993E-01    -0.18943E-01    -0.18991E-01
     0.14115E+00    -0.18831E-01    -0.18947E-01    -0.18822E-01    -0.18945E-01
     0.15527E+00    -0.18697E-01    -0.18904E-01    -0.18690E-01    -0.18902E-01
     0.16806E+00    -0.18564E-01    -0.18863E-01    -0.18557E-01    -0.18861E-01
     0.18009E+00    -0.18497E-01    -0.18846E-01    -0.18491E-01    -0.18844E-01
     0.19113E+00    -0.18433E-01    -0.18834E-01    -0.18428E-01    -0.18832E-01
     0.20130E+00    -0.18452E-01    -0.18855E-01    -0.18447E-01    -0.18854E-01
     0.20998E+00    -0.18516E-01    -0.18898E-01    -0.18510E-01    -0.18896E-01
     0.21499E+00    -0.14248E-01    -0.17207E-01    -0.14238E-01    -0.17210E-01
     0.22405E+00    -0.14637E-01    -0.17311E-01    -0.14627E-01    -0.17313E-01
     0.23825E+00    -0.15206E-01    -0.17492E-01    -0.15194E-01    -0.17493E-01
     0.25709E+00    -0.15737E-01    -0.17695E-01    -0.15723E-01    -0.17695E-01
     0.27782E+00    -0.15998E-01    -0.17822E-01    -0.15983E-01    -0.17823E-01
     0.29863E+00    -0.16072E-01    -0.17894E-01    -0.16055E-01    -0.17895E-01
     0.31818E+00    -0.16021E-01    -0.17920E-01    -0.16003E-01    -0.17922E-01
     0.33578E+00    -0.15904E-01    -0.17913E-01    -0.15884E-01    -0.17917E-01
     0.35112E+00    -0.15760E-01    -0.17884E-01    -0.15738E-01    -0.17890E-01
     0.36524E+00    -0.15615E-01    -0.17853E-01    -0.15590E-01    -0.17860E-01
     0.37803E+00    -0.15476E-01    -0.17823E-01    -0.15449E-01    -0.17832E-01
     0.39007E+00    -0.15367E-01    -0.17824E-01    -0.15338E-01    -0.17835E-01
     0.40111E+00    -0.15264E-01    -0.17828E-01    -0.15232E-01    -0.17841E-01
     0.41128E+00    -0.15194E-01    -0.17876E-01    -0.15159E-01    -0.17890E-01
     0.41995E+00    -0.15148E-01    -0.17947E-01    -0.15110E-01    -0.17963E-01
     0.42496E+00    -0.13521E-01    -0.15585E-01    -0.13493E-01    -0.15598E-01
     0.43403E+00    -0.13634E-01    -0.15751E-01    -0.13604E-01    -0.15764E-01
     0.44822E+00    -0.13774E-01    -0.16027E-01    -0.13740E-01    -0.16041E-01
     0.46706E+00    -0.13851E-01    -0.16333E-01    -0.13811E-01    -0.16348E-01
     0.48779E+00    -0.13802E-01    -0.16539E-01    -0.13756E-01    -0.16556E-01
     0.50861E+00    -0.13673E-01    -0.16668E-01    -0.13619E-01    -0.16689E-01
     0.52816E+00    -0.13504E-01    -0.16735E-01    -0.13444E-01    -0.16760E-01
     0.54576E+00    -0.13327E-01    -0.16758E-01    -0.13260E-01    -0.16787E-01
     0.56110E+00    -0.13160E-01    -0.16749E-01    -0.13087E-01    -0.16782E-01
     0.57522E+00    -0.13001E-01    -0.16735E-01    -0.12922E-01    -0.16771E-01
     0.58801E+00    -0.12852E-01    -0.16719E-01    -0.12768E-01    -0.16758E-01
     0.60004E+00    -0.12707E-01    -0.16736E-01    -0.12617E-01    -0.16779E-01
     0.61108E+00    -0.12569E-01    -0.16756E-01    -0.12472E-01    -0.16802E-01
     0.62125E+00    -0.12430E-01    -0.16822E-01    -0.12326E-01    -0.16872E-01
     0.62993E+00    -0.12300E-01    -0.16914E-01    -0.12188E-01    -0.16967E-01
     0.63708E+00    -0.12770E-01    -0.14161E-01    -0.12722E-01    -0.14184E-01
     0.65016E+00    -0.12638E-01    -0.14429E-01    -0.12575E-01    -0.14459E-01
     0.66932E+00    -0.12415E-01    -0.14762E-01    -0.12329E-01    -0.14802E-01
     0.69405E+00    -0.12081E-01    -0.15129E-01    -0.11964E-01    -0.15184E-01
     0.72125E+00    -0.11696E-01    -0.15403E-01    -0.11545E-01    -0.15474E-01
     0.74897E+00    -0.11281E-01    -0.15613E-01    -0.11094E-01    -0.15702E-01
     0.77518E+00    -0.10876E-01    -0.15762E-01    -0.10655E-01    -0.15869E-01
     0.79907E+00    -0.10508E-01    -0.15854E-01    -0.10255E-01    -0.15977E-01
     0.82003E+00    -0.10202E-01    -0.15885E-01    -0.99224E-02    -0.16022E-01
     0.83863E+00    -0.99285E-02    -0.15903E-01    -0.96261E-02    -0.16052E-01
     0.85333E+00    -0.97368E-02    -0.15878E-01    -0.94189E-02    -0.16035E-01
     0.85834E+00    -0.11988E-01    -0.12656E-01    -0.11956E-01    -0.12672E-01
     0.86741E+00    -0.11754E-01    -0.12873E-01    -0.11698E-01    -0.12900E-01
     0.88160E+00    -0.11360E-01    -0.13225E-01    -0.11267E-01    -0.13270E-01
     0.90045E+00    -0.10866E-01    -0.13614E-01    -0.10726E-01    -0.13681E-01
     0.92118E+00    -0.10413E-01    -0.13891E-01    -0.10231E-01    -0.13979E-01
     0.94199E+00    -0.10008E-01    -0.14081E-01    -0.97907E-02    -0.14187E-01
     0.96154E+00    -0.96651E-02    -0.14199E-01    -0.94186E-02    -0.14319E-01
     0.97914E+00    -0.93852E-02    -0.14263E-01    -0.91151E-02    -0.14395E-01
     0.99448E+00    -0.91634E-02    -0.14289E-01    -0.88753E-02    -0.14431E-01
     0.10086E+01    -0.89693E-02    -0.14300E-01    -0.86663E-02    -0.14450E-01
     0.10214E+01    -0.87973E-02    -0.14305E-01    -0.84817E-02    -0.14462E-01
     0.10334E+01    -0.86043E-02    -0.14339E-01    -0.82735E-02    -0.14503E-01
     0.10445E+01    -0.84228E-02    -0.14372E-01    -0.80777E-02    -0.14544E-01
     0.10546E+01    -0.82057E-02    -0.14449E-01    -0.78421E-02    -0.14629E-01
     0.10633E+01    -0.79802E-02    -0.14550E-01    -0.75966E-02    -0.14740E-01
     0.10696E+01    -0.11160E-01    -0.11471E-01    -0.11143E-01    -0.11479E-01
     0.10810E+01    -0.10798E-01    -0.11704E-01    -0.10747E-01    -0.11729E-01
     0.10981E+01    -0.10262E-01    -0.12033E-01    -0.10161E-01    -0.12083E-01
     0.11206E+01    -0.95908E-02    -0.12412E-01    -0.94275E-02    -0.12492E-01
     0.11457E+01    -0.89668E-02    -0.12700E-01    -0.87486E-02    -0.12808E-01
     0.11713E+01    -0.83951E-02    -0.12919E-01    -0.81285E-02    -0.13051E-01
     0.11957E+01    -0.79139E-02    -0.13062E-01    -0.76083E-02    -0.13213E-01
     0.12180E+01    -0.75055E-02    -0.13157E-01    -0.71682E-02    -0.13324E-01
     0.12380E+01    -0.71893E-02    -0.13197E-01    -0.68291E-02    -0.13376E-01
     0.12561E+01    -0.68946E-02    -0.13236E-01    -0.65135E-02    -0.13425E-01
     0.12719E+01    -0.66677E-02    -0.13244E-01    -0.62718E-02    -0.13441E-01
     0.12852E+01    -0.64373E-02    -0.13280E-01    -0.60253E-02    -0.13485E-01
     0.12924E+01    -0.10210E-01    -0.10376E-01    -0.10202E-01    -0.10380E-01
     0.13054E+01    -0.97248E-02    -0.10633E-01    -0.96712E-02    -0.10659E-01
     0.13246E+01    -0.90785E-02    -0.10951E-01    -0.89662E-02    -0.11006E-01
     0.13493E+01    -0.83143E-02    -0.11295E-01    -0.81342E-02    -0.11384E-01
     0.13765E+01    -0.76160E-02    -0.11555E-01    -0.73766E-02    -0.11674E-01
     0.14042E+01    -0.69805E-02    -0.11753E-01    -0.66892E-02    -0.11897E-01
     0.14304E+01    -0.64333E-02    -0.11893E-01    -0.60993E-02    -0.12059E-01
     0.14543E+01    -0.59840E-02    -0.11980E-01    -0.56169E-02    -0.12163E-01
     0.14753E+01    -0.56450E-02    -0.12016E-01    -0.52553E-02    -0.12210E-01
     0.14939E+01    -0.53599E-02    -0.12035E-01    -0.49524E-02    -0.12238E-01
     0.15086E+01    -0.51749E-02    -0.12023E-01    -0.47575E-02    -0.12231E-01
     0.15149E+01    -0.93269E-02    -0.93399E-02    -0.93274E-02    -0.93395E-02
     0.15263E+01    -0.89169E-02    -0.95191E-02    -0.88810E-02    -0.95368E-02
     0.15433E+01    -0.83219E-02    -0.97690E-02    -0.82336E-02    -0.98128E-02
     0.15659E+01    -0.75954E-02    -0.10052E-01    -0.74445E-02    -0.10127E-01
     0.15910E+01    -0.69357E-02    -0.10266E-01    -0.67303E-02    -0.10368E-01
     0.16166E+01    -0.63467E-02    -0.10423E-01    -0.60947E-02    -0.10549E-01
     0.16410E+01    -0.58619E-02    -0.10522E-01    -0.55734E-02    -0.10666E-01
     0.16633E+01    -0.54589E-02    -0.10583E-01    -0.51417E-02    -0.10742E-01
     0.16832E+01    -0.51521E-02    -0.10604E-01    -0.48149E-02    -0.10773E-01
     0.17014E+01    -0.48736E-02    -0.10621E-01    -0.45189E-02    -0.10798E-01
     0.17172E+01    -0.46616E-02    -0.10617E-01    -0.42949E-02    -0.10800E-01
     0.17305E+01    -0.44482E-02    -0.10632E-01    -0.40686E-02    -0.10822E-01
     0.17368E+01    -0.83546E-02    -0.84805E-02    -0.83478E-02    -0.84839E-02
     0.17482E+01    -0.79663E-02    -0.86197E-02    -0.79268E-02    -0.86394E-02
     0.17652E+01    -0.74043E-02    -0.88122E-02    -0.73183E-02    -0.88551E-02
     0.17878E+01    -0.67204E-02    -0.90268E-02    -0.65788E-02    -0.90975E-02
     0.18129E+01    -0.60977E-02    -0.91847E-02    -0.59077E-02    -0.92796E-02
     0.18385E+01    -0.55421E-02    -0.92964E-02    -0.53109E-02    -0.94120E-02
     0.18629E+01    -0.50841E-02    -0.93610E-02    -0.48209E-02    -0.94927E-02
     0.18852E+01    -0.47036E-02    -0.93964E-02    -0.44151E-02    -0.95407E-02
     0.19051E+01    -0.44127E-02    -0.94012E-02    -0.41067E-02    -0.95543E-02
     0.19233E+01    -0.41508E-02    -0.94021E-02    -0.38297E-02    -0.95628E-02
     0.19391E+01    -0.39504E-02    -0.93882E-02    -0.36189E-02    -0.95541E-02
     0.19524E+01    -0.37508E-02    -0.93899E-02    -0.34083E-02    -0.95613E-02
     0.19595E+01    -0.73223E-02    -0.77511E-02    -0.72966E-02    -0.77640E-02
     0.19726E+01    -0.69024E-02    -0.78686E-02    -0.68440E-02    -0.78979E-02
     0.19918E+01    -0.63460E-02    -0.80089E-02    -0.62452E-02    -0.80595E-02
     0.20165E+01    -0.56956E-02    -0.81512E-02    -0.55468E-02    -0.82258E-02
     0.20437E+01    -0.51001E-02    -0.82465E-02    -0.49096E-02    -0.83422E-02
     0.20714E+01    -0.45614E-02    -0.83065E-02    -0.43351E-02    -0.84200E-02
     0.20976E+01    -0.40987E-02    -0.83370E-02    -0.38435E-02    -0.84650E-02
     0.21215E+01    -0.37178E-02    -0.83436E-02    -0.34405E-02    -0.84827E-02
     0.21425E+01    -0.34260E-02    -0.83298E-02    -0.31335E-02    -0.84765E-02
     0.21611E+01    -0.31822E-02    -0.83096E-02    -0.28781E-02    -0.84621E-02
     0.21758E+01    -0.30158E-02    -0.82831E-02    -0.27047E-02    -0.84390E-02
     0.71532E-02    -0.15207E-01    -0.18963E-01    -0.15203E-01    -0.18963E-01
     0.20231E-01    -0.16176E-01    -0.18971E-01    -0.16169E-01    -0.18970E-01
     0.39388E-01    -0.17272E-01    -0.18989E-01    -0.17261E-01    -0.18988E-01
     0.64119E-01    -0.18313E-01    -0.19028E-01    -0.18300E-01    -0.19025E-01
     0.91319E-01    -0.18921E-01    -0.19050E-01    -0.18907E-01    -0.19047E-01
     0.11904E+00    -0.19227E-01    -0.19066E-01    -0.19213E-01    -0.19063E-01
     0.14525E+00    -0.19301E-01    -0.19073E-01    -0.19289E-01    -0.19069E-01
     0.16914E+00    -0.19212E-01    -0.19064E-01    -0.19201E-01    -0.19061E-01
     0.19010E+00    -0.19004E-01    -0.19032E-01    -0.18995E-01    -0.19029E-01
     0.20870E+00    -0.18790E-01    -0.19001E-01    -0.18783E-01    -0.18999E-01
     0.22340E+00    -0.18541E-01    -0.18949E-01    -0.18534E-01    -0.18947E-01
     0.23056E+00    -0.14318E-01    -0.17146E-01    -0.14306E-01    -0.17149E-01
     0.24364E+00    -0.14798E-01    -0.17290E-01    -0.14785E-01    -0.17293E-01
     0.26279E+00    -0.15308E-01    -0.17471E-01    -0.15293E-01    -0.17473E-01
     0.28752E+00    -0.15735E-01    -0.17679E-01    -0.15718E-01    -0.17680E-01
     0.31472E+00    -0.15896E-01    -0.17827E-01    -0.15877E-01    -0.17829E-01
     0.34244E+00    -0.15876E-01    -0.17937E-01    -0.15853E-01    -0.17941E-01
     0.36866E+00    -0.15733E-01    -0.18010E-01    -0.15705E-01    -0.18017E-01
     0.39254E+00    -0.15519E-01    -0.18045E-01    -0.15486E-01    -0.18055E-01
     0.41350E+00    -0.15271E-01    -0.18036E-01    -0.15232E-01    -0.18050E-01
     0.43211E+00    -0.15034E-01    -0.18023E-01    -0.14989E-01    -0.18040E-01
     0.44681E+00    -0.14820E-01    -0.17975E-01    -0.14769E-01    -0.17996E-01
     0.45254E+00    -0.13536E-01    -0.15623E-01    -0.13502E-01    -0.15637E-01
     0.46280E+00    -0.13713E-01    -0.16029E-01    -0.13674E-01    -0.16044E-01
     0.47755E+00    -0.13841E-01    -0.16504E-01    -0.13794E-01    -0.16521E-01
     0.49609E+00    -0.13858E-01    -0.16991E-01    -0.13800E-01    -0.17012E-01
     0.51636E+00    -0.13735E-01    -0.17375E-01    -0.13664E-01    -0.17402E-01
     0.53687E+00    -0.13512E-01    -0.17647E-01    -0.13427E-01    -0.17680E-01
     0.55647E+00    -0.13238E-01    -0.17768E-01    -0.13140E-01    -0.17808E-01
     0.57463E+00    -0.12960E-01    -0.17760E-01    -0.12851E-01    -0.17807E-01
     0.59075E+00    -0.12717E-01    -0.17641E-01    -0.12601E-01    -0.17694E-01
     0.60385E+00    -0.12523E-01    -0.17566E-01    -0.12400E-01    -0.17622E-01
     0.61017E+00    -0.12854E-01    -0.14300E-01    -0.12818E-01    -0.14317E-01
     0.62152E+00    -0.12767E-01    -0.14513E-01    -0.12721E-01    -0.14534E-01
     0.63859E+00    -0.12602E-01    -0.14816E-01    -0.12541E-01    -0.14844E-01
     0.66118E+00    -0.12335E-01    -0.15170E-01    -0.12251E-01    -0.15209E-01
     0.68624E+00    -0.12014E-01    -0.15434E-01    -0.11904E-01    -0.15485E-01
     0.71186E+00    -0.11662E-01    -0.15632E-01    -0.11525E-01    -0.15697E-01
     0.73622E+00    -0.11321E-01    -0.15755E-01    -0.11157E-01    -0.15834E-01
     0.75853E+00    -0.11004E-01    -0.15835E-01    -0.10813E-01    -0.15927E-01
     0.77849E+00    -0.10731E-01    -0.15861E-01    -0.10518E-01    -0.15964E-01
     0.79663E+00    -0.10470E-01    -0.15893E-01    -0.10235E-01    -0.16007E-01
     0.81247E+00    -0.10254E-01    -0.15893E-01    -0.10001E-01    -0.16017E-01
     0.82574E+00    -0.10047E-01    -0.15928E-01    -0.97755E-02    -0.16062E-01
     0.83289E+00    -0.12016E-01    -0.12899E-01    -0.11979E-01    -0.12916E-01
     0.84597E+00    -0.11705E-01    -0.13187E-01    -0.11641E-01    -0.13217E-01
     0.86513E+00    -0.11263E-01    -0.13546E-01    -0.11163E-01    -0.13594E-01
     0.88986E+00    -0.10701E-01    -0.13940E-01    -0.10554E-01    -0.14011E-01
     0.91706E+00    -0.10144E-01    -0.14240E-01    -0.99511E-02    -0.14334E-01
     0.94477E+00    -0.95999E-02    -0.14475E-01    -0.93622E-02    -0.14590E-01
     0.97099E+00    -0.91038E-02    -0.14645E-01    -0.88247E-02    -0.14782E-01
     0.99487E+00    -0.86754E-02    -0.14756E-01    -0.83609E-02    -0.14911E-01
     0.10158E+01    -0.83415E-02    -0.14802E-01    -0.80016E-02    -0.14969E-01
     0.10344E+01    -0.80528E-02    -0.14830E-01    -0.76918E-02    -0.15008E-01
     0.10491E+01    -0.78604E-02    -0.14815E-01    -0.74864E-02    -0.15000E-01
     0.10549E+01    -0.11003E-01    -0.11753E-01    -0.10965E-01    -0.11772E-01
     0.10651E+01    -0.10419E-01    -0.12205E-01    -0.10326E-01    -0.12250E-01
     0.10799E+01    -0.96883E-02    -0.12732E-01    -0.95279E-02    -0.12810E-01
     0.10984E+01    -0.88829E-02    -0.13264E-01    -0.86496E-02    -0.13378E-01
     0.11187E+01    -0.81460E-02    -0.13690E-01    -0.78477E-02    -0.13836E-01
     0.11392E+01    -0.75104E-02    -0.14004E-01    -0.71580E-02    -0.14177E-01
     0.11588E+01    -0.70376E-02    -0.14174E-01    -0.66476E-02    -0.14366E-01
     0.11770E+01    -0.67220E-02    -0.14222E-01    -0.63098E-02    -0.14426E-01
     0.11931E+01    -0.65502E-02    -0.14173E-01    -0.61291E-02    -0.14382E-01
     0.12062E+01    -0.64160E-02    -0.14129E-01    -0.59882E-02    -0.14342E-01
     0.12112E+01    -0.10646E-01    -0.10692E-01    -0.10645E-01    -0.10692E-01
     0.12203E+01    -0.10300E-01    -0.10892E-01    -0.10268E-01    -0.10907E-01
     0.12345E+01    -0.97387E-02    -0.11213E-01    -0.96572E-02    -0.11253E-01
     0.12533E+01    -0.90670E-02    -0.11569E-01    -0.89271E-02    -0.11638E-01
     0.12740E+01    -0.84809E-02    -0.11829E-01    -0.82920E-02    -0.11923E-01
     0.12948E+01    -0.79804E-02    -0.12014E-01    -0.77511E-02    -0.12128E-01
     0.13144E+01    -0.75728E-02    -0.12134E-01    -0.73117E-02    -0.12264E-01
     0.13320E+01    -0.72500E-02    -0.12206E-01    -0.69647E-02    -0.12348E-01
     0.13473E+01    -0.70007E-02    -0.12242E-01    -0.66975E-02    -0.12393E-01
     0.13614E+01    -0.67876E-02    -0.12262E-01    -0.64698E-02    -0.12421E-01
     0.13742E+01    -0.66014E-02    -0.12275E-01    -0.62711E-02    -0.12439E-01
     0.13863E+01    -0.63947E-02    -0.12307E-01    -0.60499E-02    -0.12479E-01
     0.13973E+01    -0.62026E-02    -0.12338E-01    -0.58445E-02    -0.12516E-01
     0.14075E+01    -0.59720E-02    -0.12401E-01    -0.55967E-02    -0.12588E-01
     0.14162E+01    -0.57297E-02    -0.12485E-01    -0.53357E-02    -0.12682E-01
     0.14219E+01    -0.95103E-02    -0.98828E-02    -0.94905E-02    -0.98923E-02
     0.14322E+01    -0.88644E-02    -0.10239E-01    -0.87868E-02    -0.10277E-01
     0.14469E+01    -0.80672E-02    -0.10655E-01    -0.79193E-02    -0.10728E-01
     0.14654E+01    -0.72048E-02    -0.11074E-01    -0.69824E-02    -0.11184E-01
     0.14857E+01    -0.64278E-02    -0.11410E-01    -0.61403E-02    -0.11553E-01
     0.15062E+01    -0.57664E-02    -0.11660E-01    -0.54257E-02    -0.11829E-01
     0.15258E+01    -0.52756E-02    -0.11801E-01    -0.48982E-02    -0.11989E-01
     0.15440E+01    -0.49454E-02    -0.11850E-01    -0.45463E-02    -0.12048E-01
     0.15601E+01    -0.47539E-02    -0.11828E-01    -0.43453E-02    -0.12032E-01
     0.15732E+01    -0.46190E-02    -0.11798E-01    -0.42046E-02    -0.12005E-01
     0.15804E+01    -0.90046E-02    -0.90966E-02    -0.90005E-02    -0.90985E-02
     0.15934E+01    -0.85260E-02    -0.92954E-02    -0.84826E-02    -0.93169E-02
     0.16126E+01    -0.78907E-02    -0.95407E-02    -0.77959E-02    -0.95878E-02
     0.16373E+01    -0.71450E-02    -0.98029E-02    -0.69913E-02    -0.98794E-02
     0.16645E+01    -0.64628E-02    -0.10000E-01    -0.62576E-02    -0.10102E-01
     0.16922E+01    -0.58448E-02    -0.10147E-01    -0.55949E-02    -0.10272E-01
     0.17185E+01    -0.53144E-02    -0.10248E-01    -0.50277E-02    -0.10391E-01
     0.17423E+01    -0.48789E-02    -0.10308E-01    -0.45640E-02    -0.10466E-01
     0.17633E+01    -0.45482E-02    -0.10330E-01    -0.42136E-02    -0.10497E-01
     0.17819E+01    -0.42723E-02    -0.10337E-01    -0.39226E-02    -0.10512E-01
     0.17966E+01    -0.40876E-02    -0.10324E-01    -0.37291E-02    -0.10504E-01
     0.18016E+01    -0.81153E-02    -0.82272E-02    -0.81096E-02    -0.82300E-02
     0.18107E+01    -0.77890E-02    -0.83409E-02    -0.77579E-02    -0.83564E-02
     0.18249E+01    -0.72685E-02    -0.85201E-02    -0.71971E-02    -0.85557E-02
     0.18437E+01    -0.66489E-02    -0.87154E-02    -0.65304E-02    -0.87746E-02
     0.18644E+01    -0.61031E-02    -0.88558E-02    -0.59448E-02    -0.89350E-02
     0.18853E+01    -0.56355E-02    -0.89516E-02    -0.54445E-02    -0.90472E-02
     0.19048E+01    -0.52532E-02    -0.90098E-02    -0.50366E-02    -0.91182E-02
     0.19224E+01    -0.49486E-02    -0.90405E-02    -0.47126E-02    -0.91586E-02
     0.19378E+01    -0.47116E-02    -0.90519E-02    -0.44613E-02    -0.91772E-02
     0.19519E+01    -0.45127E-02    -0.90524E-02    -0.42510E-02    -0.91833E-02
     0.19647E+01    -0.43409E-02    -0.90478E-02    -0.40699E-02    -0.91835E-02
     0.19767E+01    -0.41590E-02    -0.90517E-02    -0.38779E-02    -0.91924E-02
     0.19877E+01    -0.39919E-02    -0.90544E-02    -0.37016E-02    -0.91996E-02
     0.19979E+01    -0.37979E-02    -0.90733E-02    -0.34963E-02    -0.92242E-02
     0.20066E+01    -0.35957E-02    -0.91043E-02    -0.32819E-02    -0.92614E-02
     0.50101E-02    -0.14889E-01    -0.18948E-01    -0.14886E-01    -0.18947E-01
     0.14076E-01    -0.15579E-01    -0.18948E-01    -0.15573E-01    -0.18947E-01
     0.28269E-01    -0.16610E-01    -0.18969E-01    -0.16601E-01    -0.18968E-01
     0.47112E-01    -0.17645E-01    -0.19001E-01    -0.17633E-01    -0.18999E-01
     0.67841E-01    -0.18276E-01    -0.19006E-01    -0.18263E-01    -0.19004E-01
     0.88655E-01    -0.18613E-01    -0.18996E-01    -0.18601E-01    -0.18994E-01
     0.10820E+00    -0.18737E-01    -0.18972E-01    -0.18725E-01    -0.18970E-01
     0.12580E+00    -0.18726E-01    -0.18938E-01    -0.18715E-01    -0.18935E-01
     0.14115E+00    -0.18639E-01    -0.18896E-01    -0.18630E-01    -0.18894E-01
     0.15527E+00    -0.18537E-01    -0.18857E-01    -0.18530E-01    -0.18855E-01
     0.16806E+00    -0.18430E-01    -0.18821E-01    -0.18424E-01    -0.18820E-01
     0.18009E+00    -0.18379E-01    -0.18806E-01    -0.18373E-01    -0.18805E-01
     0.19113E+00    -0.18328E-01    -0.18796E-01    -0.18322E-01    -0.18795E-01
     0.20130E+00    -0.18350E-01    -0.18817E-01    -0.18345E-01    -0.18816E-01
     0.20998E+00    -0.18413E-01    -0.18857E-01    -0.18407E-01    -0.18856E-01
     0.21629E+00    -0.14258E-01    -0.17200E-01    -0.14249E-01    -0.17203E-01
     0.22764E+00    -0.14651E-01    -0.17294E-01    -0.14640E-01    -0.17297E-01
     0.24472E+00    -0.15142E-01    -0.17436E-01    -0.15130E-01    -0.17437E-01
     0.26730E+00    -0.15604E-01    -0.17608E-01    -0.15589E-01    -0.17609E-01
     0.29236E+00    -0.15827E-01    -0.17728E-01    -0.15811E-01    -0.17729E-01
     0.31799E+00    -0.15878E-01    -0.17814E-01    -0.15860E-01    -0.17816E-01
     0.34235E+00    -0.15797E-01    -0.17858E-01    -0.15775E-01    -0.17862E-01
     0.36466E+00    -0.15652E-01    -0.17881E-01    -0.15627E-01    -0.17888E-01
     0.38462E+00    -0.15465E-01    -0.17871E-01    -0.15436E-01    -0.17881E-01
     0.40276E+00    -0.15286E-01    -0.17873E-01    -0.15253E-01    -0.17885E-01
     0.41860E+00    -0.15103E-01    -0.17855E-01    -0.15065E-01    -0.17870E-01
     0.43186E+00    -0.14961E-01    -0.17868E-01    -0.14919E-01    -0.17886E-01
     0.43902E+00    -0.13504E-01    -0.15533E-01    -0.13474E-01    -0.15546E-01
     0.45210E+00    -0.13613E-01    -0.15739E-01    -0.13581E-01    -0.15752E-01
     0.47125E+00    -0.13684E-01    -0.15995E-01    -0.13647E-01    -0.16010E-01
     0.49598E+00    -0.13661E-01    -0.16282E-01    -0.13615E-01    -0.16299E-01
     0.52318E+00    -0.13507E-01    -0.16494E-01    -0.13451E-01    -0.16516E-01
     0.55090E+00    -0.13266E-01    -0.16659E-01    -0.13198E-01    -0.16688E-01
     0.57712E+00    -0.12981E-01    -0.16779E-01    -0.12900E-01    -0.16814E-01
     0.60100E+00    -0.12687E-01    -0.16854E-01    -0.12592E-01    -0.16897E-01
     0.62196E+00    -0.12413E-01    -0.16880E-01    -0.12306E-01    -0.16929E-01
     0.64057E+00    -0.12160E-01    -0.16896E-01    -0.12041E-01    -0.16952E-01
     0.65527E+00    -0.11962E-01    -0.16875E-01    -0.11835E-01    -0.16936E-01
     0.66158E+00    -0.12695E-01    -0.13925E-01    -0.12650E-01    -0.13947E-01
     0.67293E+00    -0.12571E-01    -0.14131E-01    -0.12512E-01    -0.14158E-01
     0.69001E+00    -0.12358E-01    -0.14424E-01    -0.12278E-01    -0.14461E-01
     0.71259E+00    -0.12041E-01    -0.14765E-01    -0.11932E-01    -0.14817E-01
     0.73766E+00    -0.11686E-01    -0.15023E-01    -0.11545E-01    -0.15090E-01
     0.76328E+00    -0.11310E-01    -0.15220E-01    -0.11137E-01    -0.15303E-01
     0.78764E+00    -0.10953E-01    -0.15349E-01    -0.10749E-01    -0.15447E-01
     0.80995E+00    -0.10623E-01    -0.15437E-01    -0.10391E-01    -0.15549E-01
     0.82991E+00    -0.10342E-01    -0.15474E-01    -0.10086E-01    -0.15599E-01
     0.84805E+00    -0.10073E-01    -0.15515E-01    -0.97944E-02    -0.15652E-01
     0.86389E+00    -0.98509E-02    -0.15525E-01    -0.95529E-02    -0.15672E-01
     0.87716E+00    -0.96368E-02    -0.15567E-01    -0.93196E-02    -0.15724E-01
     0.88347E+00    -0.11886E-01    -0.12518E-01    -0.11854E-01    -0.12533E-01
     0.89482E+00    -0.11615E-01    -0.12740E-01    -0.11558E-01    -0.12767E-01
     0.91190E+00    -0.11202E-01    -0.13055E-01    -0.11106E-01    -0.13102E-01
     0.93448E+00    -0.10663E-01    -0.13421E-01    -0.10517E-01    -0.13492E-01
     0.95954E+00    -0.10136E-01    -0.13704E-01    -0.99419E-02    -0.13798E-01
     0.98517E+00    -0.96299E-02    -0.13923E-01    -0.93906E-02    -0.14040E-01
     0.10095E+01    -0.91862E-02    -0.14069E-01    -0.89086E-02    -0.14206E-01
     0.10318E+01    -0.87998E-02    -0.14170E-01    -0.84905E-02    -0.14322E-01
     0.10518E+01    -0.84881E-02    -0.14218E-01    -0.81545E-02    -0.14383E-01
     0.10699E+01    -0.81949E-02    -0.14265E-01    -0.78385E-02    -0.14442E-01
     0.10858E+01    -0.79615E-02    -0.14282E-01    -0.75879E-02    -0.14467E-01
     0.10990E+01    -0.77304E-02    -0.14326E-01    -0.73388E-02    -0.14521E-01
     0.11041E+01    -0.11081E-01    -0.11235E-01    -0.11073E-01    -0.11239E-01
     0.11131E+01    -0.10770E-01    -0.11434E-01    -0.10732E-01    -0.11452E-01
     0.11273E+01    -0.10263E-01    -0.11752E-01    -0.10176E-01    -0.11794E-01
     0.11462E+01    -0.96507E-02    -0.12105E-01    -0.95063E-02    -0.12176E-01
     0.11669E+01    -0.91079E-02    -0.12365E-01    -0.89145E-02    -0.12460E-01
     0.11877E+01    -0.86364E-02    -0.12550E-01    -0.84020E-02    -0.12665E-01
     0.12072E+01    -0.82457E-02    -0.12672E-01    -0.79786E-02    -0.12804E-01
     0.12248E+01    -0.79307E-02    -0.12747E-01    -0.76383E-02    -0.12892E-01
     0.12402E+01    -0.76831E-02    -0.12787E-01    -0.73715E-02    -0.12942E-01
     0.12543E+01    -0.74686E-02    -0.12812E-01    -0.71410E-02    -0.12975E-01
     0.12671E+01    -0.72798E-02    -0.12828E-01    -0.69385E-02    -0.12998E-01
     0.12791E+01    -0.70727E-02    -0.12865E-01    -0.67157E-02    -0.13043E-01
     0.12902E+01    -0.68799E-02    -0.12899E-01    -0.65083E-02    -0.13085E-01
     0.13003E+01    -0.66519E-02    -0.12967E-01    -0.62619E-02    -0.13162E-01
     0.13090E+01    -0.64141E-02    -0.13056E-01    -0.60042E-02    -0.13261E-01
     0.13148E+01    -0.99831E-02    -0.10368E-01    -0.99613E-02    -0.10378E-01
     0.13250E+01    -0.93696E-02    -0.10735E-01    -0.92877E-02    -0.10775E-01
     0.13398E+01    -0.86088E-02    -0.11165E-01    -0.84537E-02    -0.11241E-01
     0.13583E+01    -0.77805E-02    -0.11599E-01    -0.75473E-02    -0.11714E-01
     0.13786E+01    -0.70277E-02    -0.11950E-01    -0.67256E-02    -0.12100E-01
     0.13991E+01    -0.63797E-02    -0.12214E-01    -0.60208E-02    -0.12391E-01
     0.14187E+01    -0.58913E-02    -0.12367E-01    -0.54924E-02    -0.12565E-01
     0.14368E+01    -0.55551E-02    -0.12425E-01    -0.51318E-02    -0.12635E-01
     0.14530E+01    -0.53550E-02    -0.12408E-01    -0.49204E-02    -0.12625E-01
     0.14661E+01    -0.52035E-02    -0.12387E-01    -0.47609E-02    -0.12608E-01
     0.14718E+01    -0.93344E-02    -0.96376E-02    -0.93175E-02    -0.96457E-02
     0.14821E+01    -0.87272E-02    -0.99575E-02    -0.86529E-02    -0.99941E-02
     0.14968E+01    -0.79746E-02    -0.10332E-01    -0.78304E-02    -0.10403E-01
     0.15153E+01    -0.71571E-02    -0.10709E-01    -0.69385E-02    -0.10817E-01
     0.15356E+01    -0.64137E-02    -0.11015E-01    -0.61295E-02    -0.11156E-01
     0.15561E+01    -0.57732E-02    -0.11245E-01    -0.54347E-02    -0.11413E-01
     0.15757E+01    -0.52871E-02    -0.11380E-01    -0.49100E-02    -0.11568E-01
     0.15939E+01    -0.49483E-02    -0.11434E-01    -0.45471E-02    -0.11634E-01
     0.16100E+01    -0.47390E-02    -0.11424E-01    -0.43257E-02    -0.11630E-01
     0.16231E+01    -0.45862E-02    -0.11406E-01    -0.41650E-02    -0.11616E-01
     0.16294E+01    -0.88589E-02    -0.88634E-02    -0.88598E-02    -0.88628E-02
     0.16408E+01    -0.84779E-02    -0.90109E-02    -0.84460E-02    -0.90267E-02
     0.16578E+01    -0.79241E-02    -0.92164E-02    -0.78451E-02    -0.92558E-02
     0.16804E+01    -0.72450E-02    -0.94493E-02    -0.71092E-02    -0.95169E-02
     0.17055E+01    -0.66162E-02    -0.96279E-02    -0.64300E-02    -0.97208E-02
     0.17311E+01    -0.60469E-02    -0.97612E-02    -0.58169E-02    -0.98761E-02
     0.17555E+01    -0.55697E-02    -0.98466E-02    -0.53046E-02    -0.99790E-02
     0.17778E+01    -0.51680E-02    -0.99010E-02    -0.48748E-02    -0.10048E-01
     0.17977E+01    -0.48550E-02    -0.99221E-02    -0.45414E-02    -0.10079E-01
     0.18159E+01    -0.45735E-02    -0.99372E-02    -0.42424E-02    -0.10103E-01
     0.18317E+01    -0.43544E-02    -0.99352E-02    -0.40108E-02    -0.10107E-01
     0.18450E+01    -0.41403E-02    -0.99476E-02    -0.37840E-02    -0.10126E-01
     0.18521E+01    -0.78256E-02    -0.80880E-02    -0.78103E-02    -0.80957E-02
     0.18652E+01    -0.74068E-02    -0.82188E-02    -0.73578E-02    -0.82434E-02
     0.18844E+01    -0.68487E-02    -0.83778E-02    -0.67558E-02    -0.84243E-02
     0.19091E+01    -0.61924E-02    -0.85431E-02    -0.60492E-02    -0.86148E-02
     0.19363E+01    -0.55837E-02    -0.86618E-02    -0.53960E-02    -0.87559E-02
     0.19640E+01    -0.50277E-02    -0.87442E-02    -0.48012E-02    -0.88577E-02
     0.19902E+01    -0.45454E-02    -0.87952E-02    -0.42870E-02    -0.89247E-02
     0.20141E+01    -0.41445E-02    -0.88193E-02    -0.38613E-02    -0.89612E-02
     0.20351E+01    -0.38331E-02    -0.88194E-02    -0.35323E-02    -0.89701E-02
     0.20537E+01    -0.35720E-02    -0.88107E-02    -0.32577E-02    -0.89681E-02
     0.20684E+01    -0.33893E-02    -0.87926E-02    -0.30665E-02    -0.89543E-02
     0.71532E-02    -0.15372E-01    -0.18981E-01    -0.15368E-01    -0.18980E-01
     0.20231E-01    -0.16460E-01    -0.19005E-01    -0.16452E-01    -0.19004E-01
     0.39388E-01    -0.17681E-01    -0.19046E-01    -0.17671E-01    -0.19045E-01
     0.64119E-01    -0.18834E-01    -0.19114E-01    -0.18821E-01    -0.19112E-01
     0.91319E-01    -0.19480E-01    -0.19160E-01    -0.19466E-01    -0.19157E-01
     0.11904E+00    -0.19776E-01    -0.19194E-01    -0.19763E-01    -0.19191E-01
     0.14525E+00    -0.19808E-01    -0.19210E-01    -0.19796E-01    -0.19206E-01
     0.16914E+00    -0.19656E-01    -0.19201E-01    -0.19646E-01    -0.19197E-01
     0.19010E+00    -0.19374E-01    -0.19160E-01    -0.19365E-01    -0.19156E-01
     0.20870E+00    -0.19096E-01    -0.19119E-01    -0.19089E-01    -0.19116E-01
     0.22340E+00    -0.18781E-01    -0.19049E-01    -0.18774E-01    -0.19047E-01
     0.23056E+00    -0.14396E-01    -0.17187E-01    -0.14384E-01    -0.17190E-01
     0.24364E+00    -0.14936E-01    -0.17361E-01    -0.14923E-01    -0.17363E-01
     0.26279E+00    -0.15506E-01    -0.17580E-01    -0.15492E-01    -0.17581E-01
     0.28752E+00    -0.15979E-01    -0.17831E-01    -0.15963E-01    -0.17832E-01
     0.31472E+00    -0.16146E-01    -0.18009E-01    -0.16127E-01    -0.18011E-01
     0.34244E+00    -0.16105E-01    -0.18137E-01    -0.16082E-01    -0.18141E-01
     0.36866E+00    -0.15928E-01    -0.18216E-01    -0.15900E-01    -0.18223E-01
     0.39254E+00    -0.15675E-01    -0.18244E-01    -0.15640E-01    -0.18255E-01
     0.41350E+00    -0.15388E-01    -0.18218E-01    -0.15347E-01    -0.18233E-01
     0.43211E+00    -0.15119E-01    -0.18187E-01    -0.15072E-01    -0.18206E-01
     0.44681E+00    -0.14877E-01    -0.18115E-01    -0.14825E-01    -0.18137E-01
     0.45254E+00    -0.13564E-01    -0.15702E-01    -0.13529E-01    -0.15716E-01
     0.46280E+00    -0.13766E-01    -0.16173E-01    -0.13725E-01    -0.16189E-01
     0.47755E+00    -0.13912E-01    -0.16725E-01    -0.13863E-01    -0.16743E-01
     0.49609E+00    -0.13931E-01    -0.17288E-01    -0.13869E-01    -0.17311E-01
     0.51636E+00    -0.13790E-01    -0.17727E-01    -0.13712E-01    -0.17757E-01
     0.53687E+00    -0.13533E-01    -0.18032E-01    -0.13443E-01    -0.18063E-01
     0.55647E+00    -0.13152E-01    -0.18292E-01    -0.13043E-01    -0.18333E-01
     0.57463E+00    -0.12860E-01    -0.18260E-01    -0.12737E-01    -0.18309E-01
     0.59075E+00    -0.12641E-01    -0.18003E-01    -0.12514E-01    -0.18057E-01
     0.60385E+00    -0.12455E-01    -0.17837E-01    -0.12323E-01    -0.17896E-01
     0.61017E+00    -0.12838E-01    -0.14348E-01    -0.12800E-01    -0.14366E-01
     0.62152E+00    -0.12741E-01    -0.14592E-01    -0.12694E-01    -0.14614E-01
     0.63859E+00    -0.12558E-01    -0.14940E-01    -0.12496E-01    -0.14968E-01
     0.66118E+00    -0.12262E-01    -0.15346E-01    -0.12180E-01    -0.15383E-01
     0.68624E+00    -0.11911E-01    -0.15642E-01    -0.11808E-01    -0.15690E-01
     0.71186E+00    -0.11532E-01    -0.15857E-01    -0.11408E-01    -0.15915E-01
     0.73622E+00    -0.11171E-01    -0.15981E-01    -0.11028E-01    -0.16049E-01
     0.75853E+00    -0.10840E-01    -0.16053E-01    -0.10680E-01    -0.16130E-01
     0.77849E+00    -0.10564E-01    -0.16062E-01    -0.10390E-01    -0.16146E-01
     0.79663E+00    -0.10300E-01    -0.16080E-01    -0.10112E-01    -0.16172E-01
     0.81247E+00    -0.10086E-01    -0.16063E-01    -0.98874E-02    -0.16160E-01
     0.82574E+00    -0.98779E-02    -0.16089E-01    -0.96677E-02    -0.16192E-01
     0.83075E+00    -0.12052E-01    -0.12867E-01    -0.12016E-01    -0.12884E-01
     0.83981E+00    -0.11806E-01    -0.13113E-01    -0.11748E-01    -0.13141E-01
     0.85401E+00    -0.11391E-01    -0.13511E-01    -0.11294E-01    -0.13557E-01
     0.87285E+00    -0.10870E-01    -0.13949E-01    -0.10726E-01    -0.14018E-01
     0.89358E+00    -0.10400E-01    -0.14253E-01    -0.10214E-01    -0.14343E-01
     0.91439E+00    -0.99872E-02    -0.14452E-01    -0.97658E-02    -0.14560E-01
     0.93394E+00    -0.96463E-02    -0.14565E-01    -0.93957E-02    -0.14688E-01
     0.95154E+00    -0.93754E-02    -0.14615E-01    -0.91020E-02    -0.14750E-01
     0.96688E+00    -0.91677E-02    -0.14623E-01    -0.88772E-02    -0.14766E-01
     0.98100E+00    -0.89854E-02    -0.14617E-01    -0.86800E-02    -0.14768E-01
     0.99379E+00    -0.88228E-02    -0.14608E-01    -0.85041E-02    -0.14766E-01
     0.10058E+01    -0.86343E-02    -0.14635E-01    -0.82996E-02    -0.14801E-01
     0.10169E+01    -0.84583E-02    -0.14662E-01    -0.81092E-02    -0.14835E-01
     0.10270E+01    -0.82393E-02    -0.14740E-01    -0.78709E-02    -0.14923E-01
     0.10357E+01    -0.80094E-02    -0.14847E-01    -0.76199E-02    -0.15040E-01
     0.10429E+01    -0.11163E-01    -0.11712E-01    -0.11133E-01    -0.11727E-01
     0.10559E+01    -0.10693E-01    -0.12035E-01    -0.10620E-01    -0.12071E-01
     0.10751E+01    -0.10062E-01    -0.12434E-01    -0.99306E-02    -0.12499E-01
     0.10998E+01    -0.93046E-02    -0.12867E-01    -0.91043E-02    -0.12965E-01
     0.11270E+01    -0.86105E-02    -0.13188E-01    -0.83498E-02    -0.13316E-01
     0.11548E+01    -0.79760E-02    -0.13428E-01    -0.76619E-02    -0.13583E-01
     0.11810E+01    -0.74308E-02    -0.13593E-01    -0.70725E-02    -0.13770E-01
     0.12049E+01    -0.69875E-02    -0.13689E-01    -0.65952E-02    -0.13883E-01
     0.12258E+01    -0.66621E-02    -0.13716E-01    -0.62472E-02    -0.13922E-01
     0.12444E+01    -0.63884E-02    -0.13726E-01    -0.59556E-02    -0.13941E-01
     0.12591E+01    -0.62248E-02    -0.13692E-01    -0.57832E-02    -0.13912E-01
     0.12654E+01    -0.10336E-01    -0.10494E-01    -0.10328E-01    -0.10498E-01
     0.12768E+01    -0.98960E-02    -0.10735E-01    -0.98471E-02    -0.10759E-01
     0.12939E+01    -0.92543E-02    -0.11074E-01    -0.91467E-02    -0.11127E-01
     0.13164E+01    -0.84687E-02    -0.11459E-01    -0.82904E-02    -0.11547E-01
     0.13415E+01    -0.77669E-02    -0.11746E-01    -0.75279E-02    -0.11865E-01
     0.13671E+01    -0.71474E-02    -0.11956E-01    -0.68571E-02    -0.12100E-01
     0.13915E+01    -0.66475E-02    -0.12084E-01    -0.63180E-02    -0.12248E-01
     0.14138E+01    -0.62380E-02    -0.12162E-01    -0.58780E-02    -0.12341E-01
     0.14338E+01    -0.59364E-02    -0.12184E-01    -0.55561E-02    -0.12374E-01
     0.14519E+01    -0.56574E-02    -0.12205E-01    -0.52587E-02    -0.12404E-01
     0.14677E+01    -0.54521E-02    -0.12197E-01    -0.50415E-02    -0.12402E-01
     0.14810E+01    -0.52351E-02    -0.12219E-01    -0.48105E-02    -0.12430E-01
     0.14873E+01    -0.94061E-02    -0.94810E-02    -0.94027E-02    -0.94825E-02
     0.14987E+01    -0.89603E-02    -0.96857E-02    -0.89171E-02    -0.97070E-02
     0.15157E+01    -0.83148E-02    -0.99710E-02    -0.82145E-02    -0.10021E-01
     0.15383E+01    -0.75316E-02    -0.10293E-01    -0.73633E-02    -0.10377E-01
     0.15634E+01    -0.68356E-02    -0.10531E-01    -0.66095E-02    -0.10643E-01
     0.15890E+01    -0.62258E-02    -0.10702E-01    -0.59513E-02    -0.10839E-01
     0.16134E+01    -0.57363E-02    -0.10803E-01    -0.54251E-02    -0.10958E-01
     0.16357E+01    -0.53375E-02    -0.10862E-01    -0.49983E-02    -0.11031E-01
     0.16556E+01    -0.50446E-02    -0.10874E-01    -0.46869E-02    -0.11053E-01
     0.16738E+01    -0.47770E-02    -0.10885E-01    -0.44030E-02    -0.11071E-01
     0.16896E+01    -0.45801E-02    -0.10871E-01    -0.41956E-02    -0.11063E-01
     0.17029E+01    -0.43739E-02    -0.10882E-01    -0.39772E-02    -0.11081E-01
     0.17100E+01    -0.83768E-02    -0.86304E-02    -0.83622E-02    -0.86376E-02
     0.17231E+01    -0.78721E-02    -0.88244E-02    -0.78147E-02    -0.88530E-02
     0.17423E+01    -0.72097E-02    -0.90598E-02    -0.70972E-02    -0.91159E-02
     0.17670E+01    -0.64423E-02    -0.93059E-02    -0.62675E-02    -0.93932E-02
     0.17942E+01    -0.57592E-02    -0.94804E-02    -0.55317E-02    -0.95941E-02
     0.18219E+01    -0.51545E-02    -0.96012E-02    -0.48828E-02    -0.97370E-02
     0.18481E+01    -0.46480E-02    -0.96747E-02    -0.43416E-02    -0.98279E-02
     0.18720E+01    -0.42439E-02    -0.97078E-02    -0.39119E-02    -0.98739E-02
     0.18930E+01    -0.39493E-02    -0.97044E-02    -0.36009E-02    -0.98787E-02
     0.19116E+01    -0.37074E-02    -0.96900E-02    -0.33469E-02    -0.98704E-02
     0.19263E+01    -0.35569E-02    -0.96586E-02    -0.31906E-02    -0.98418E-02
     0.19320E+01    -0.72483E-02    -0.79281E-02    -0.72079E-02    -0.79483E-02
     0.19423E+01    -0.66514E-02    -0.81438E-02    -0.65620E-02    -0.81887E-02
     0.19570E+01    -0.59213E-02    -0.83893E-02    -0.57731E-02    -0.84636E-02
     0.19756E+01    -0.51416E-02    -0.86263E-02    -0.49323E-02    -0.87313E-02
     0.19958E+01    -0.44501E-02    -0.88048E-02    -0.41886E-02    -0.89359E-02
     0.20164E+01    -0.38723E-02    -0.89241E-02    -0.35698E-02    -0.90758E-02
     0.20360E+01    -0.34533E-02    -0.89757E-02    -0.31238E-02    -0.91410E-02
     0.20541E+01    -0.31800E-02    -0.89724E-02    -0.28358E-02    -0.91449E-02
     0.20702E+01    -0.30245E-02    -0.89324E-02    -0.26749E-02    -0.91077E-02
     0.20833E+01    -0.29317E-02    -0.88861E-02    -0.25805E-02    -0.90621E-02
     0.63157E-02    -0.15113E-01    -0.18960E-01    -0.15109E-01    -0.18960E-01
     0.17666E-01    -0.15955E-01    -0.18964E-01    -0.15949E-01    -0.18963E-01
     0.34741E-01    -0.17049E-01    -0.18986E-01    -0.17039E-01    -0.18985E-01
     0.57325E-01    -0.18161E-01    -0.19031E-01    -0.18149E-01    -0.19029E-01
     0.82386E-01    -0.18827E-01    -0.19055E-01    -0.18814E-01    -0.19053E-01
     0.10801E+00    -0.19168E-01    -0.19067E-01    -0.19156E-01    -0.19065E-01
     0.13237E+00    -0.19232E-01    -0.19057E-01    -0.19221E-01    -0.19054E-01
     0.15468E+00    -0.19155E-01    -0.19035E-01    -0.19146E-01    -0.19032E-01
     0.17464E+00    -0.18959E-01    -0.18991E-01    -0.18951E-01    -0.18989E-01
     0.19278E+00    -0.18790E-01    -0.18962E-01    -0.18783E-01    -0.18960E-01
     0.20862E+00    -0.18576E-01    -0.18918E-01    -0.18570E-01    -0.18917E-01
     0.22189E+00    -0.18450E-01    -0.18906E-01    -0.18444E-01    -0.18904E-01
     0.22762E+00    -0.14680E-01    -0.17316E-01    -0.14668E-01    -0.17318E-01
     0.23788E+00    -0.15490E-01    -0.17627E-01    -0.15476E-01    -0.17628E-01
     0.25262E+00    -0.16328E-01    -0.17998E-01    -0.16312E-01    -0.17997E-01
     0.27117E+00    -0.17022E-01    -0.18386E-01    -0.17005E-01    -0.18383E-01
     0.29144E+00    -0.17385E-01    -0.18693E-01    -0.17366E-01    -0.18691E-01
     0.31195E+00    -0.17402E-01    -0.18944E-01    -0.17399E-01    -0.18929E-01
     0.33154E+00    -0.16876E-01    -0.19264E-01    -0.16863E-01    -0.19255E-01
     0.34970E+00    -0.16534E-01    -0.19237E-01    -0.16513E-01    -0.19234E-01
     0.36583E+00    -0.16341E-01    -0.18935E-01    -0.16316E-01    -0.18937E-01
     0.37893E+00    -0.16150E-01    -0.18769E-01    -0.16122E-01    -0.18774E-01
     0.38524E+00    -0.13672E-01    -0.15932E-01    -0.13642E-01    -0.15946E-01
     0.39659E+00    -0.13846E-01    -0.16106E-01    -0.13815E-01    -0.16120E-01
     0.41367E+00    -0.14035E-01    -0.16359E-01    -0.14001E-01    -0.16372E-01
     0.43625E+00    -0.14152E-01    -0.16657E-01    -0.14113E-01    -0.16672E-01
     0.46131E+00    -0.14106E-01    -0.16872E-01    -0.14059E-01    -0.16890E-01
     0.48694E+00    -0.13947E-01    -0.17027E-01    -0.13892E-01    -0.17049E-01
     0.51130E+00    -0.13722E-01    -0.17112E-01    -0.13657E-01    -0.17139E-01
     0.53361E+00    -0.13476E-01    -0.17159E-01    -0.13402E-01    -0.17191E-01
     0.55357E+00    -0.13232E-01    -0.17155E-01    -0.13150E-01    -0.17193E-01
     0.57171E+00    -0.13001E-01    -0.17164E-01    -0.12910E-01    -0.17206E-01
     0.58755E+00    -0.12793E-01    -0.17143E-01    -0.12694E-01    -0.17190E-01
     0.60082E+00    -0.12612E-01    -0.17161E-01    -0.12505E-01    -0.17212E-01
     0.60583E+00    -0.12877E-01    -0.14312E-01    -0.12836E-01    -0.14332E-01
     0.61489E+00    -0.12808E-01    -0.14521E-01    -0.12758E-01    -0.14544E-01
     0.62909E+00    -0.12666E-01    -0.14863E-01    -0.12600E-01    -0.14893E-01
     0.64793E+00    -0.12441E-01    -0.15241E-01    -0.12352E-01    -0.15281E-01
     0.66866E+00    -0.12179E-01    -0.15500E-01    -0.12068E-01    -0.15551E-01
     0.68947E+00    -0.11907E-01    -0.15668E-01    -0.11774E-01    -0.15730E-01
     0.70902E+00    -0.11651E-01    -0.15761E-01    -0.11499E-01    -0.15833E-01
     0.72662E+00    -0.11426E-01    -0.15799E-01    -0.11257E-01    -0.15880E-01
     0.74196E+00    -0.11238E-01    -0.15800E-01    -0.11055E-01    -0.15889E-01
     0.75608E+00    -0.11066E-01    -0.15792E-01    -0.10870E-01    -0.15887E-01
     0.76887E+00    -0.10909E-01    -0.15780E-01    -0.10701E-01    -0.15882E-01
     0.78090E+00    -0.10740E-01    -0.15805E-01    -0.10518E-01    -0.15914E-01
     0.79195E+00    -0.10579E-01    -0.15830E-01    -0.10344E-01    -0.15946E-01
     0.80212E+00    -0.10397E-01    -0.15905E-01    -0.10145E-01    -0.16029E-01
     0.81079E+00    -0.10212E-01    -0.16008E-01    -0.99434E-02    -0.16140E-01
     0.81795E+00    -0.12062E-01    -0.13011E-01    -0.12021E-01    -0.13030E-01
     0.83102E+00    -0.11751E-01    -0.13313E-01    -0.11683E-01    -0.13346E-01
     0.85018E+00    -0.11311E-01    -0.13689E-01    -0.11205E-01    -0.13740E-01
     0.87491E+00    -0.10747E-01    -0.14101E-01    -0.10593E-01    -0.14176E-01
     0.90211E+00    -0.10188E-01    -0.14412E-01    -0.99880E-02    -0.14509E-01
     0.92983E+00    -0.96438E-02    -0.14650E-01    -0.93988E-02    -0.14769E-01
     0.95604E+00    -0.91492E-02    -0.14820E-01    -0.88637E-02    -0.14959E-01
     0.97993E+00    -0.87250E-02    -0.14925E-01    -0.84055E-02    -0.15082E-01
     0.10009E+01    -0.83936E-02    -0.14963E-01    -0.80486E-02    -0.15133E-01
     0.10195E+01    -0.81121E-02    -0.14982E-01    -0.77477E-02    -0.15162E-01
     0.10342E+01    -0.79295E-02    -0.14955E-01    -0.75539E-02    -0.15141E-01
     0.10405E+01    -0.11255E-01    -0.11647E-01    -0.11235E-01    -0.11656E-01
     0.10519E+01    -0.10886E-01    -0.11894E-01    -0.10833E-01    -0.11920E-01
     0.10689E+01    -0.10339E-01    -0.12243E-01    -0.10238E-01    -0.12292E-01
     0.10915E+01    -0.96523E-02    -0.12645E-01    -0.94918E-02    -0.12723E-01
     0.11166E+01    -0.90183E-02    -0.12948E-01    -0.88052E-02    -0.13053E-01
     0.11422E+01    -0.84405E-02    -0.13176E-01    -0.81809E-02    -0.13304E-01
     0.11666E+01    -0.79581E-02    -0.13320E-01    -0.76615E-02    -0.13467E-01
     0.11889E+01    -0.75514E-02    -0.13414E-01    -0.72248E-02    -0.13576E-01
     0.12088E+01    -0.72404E-02    -0.13449E-01    -0.68926E-02    -0.13622E-01
     0.12270E+01    -0.69496E-02    -0.13484E-01    -0.65821E-02    -0.13667E-01
     0.12428E+01    -0.67285E-02    -0.13487E-01    -0.63473E-02    -0.13677E-01
     0.12561E+01    -0.65006E-02    -0.13521E-01    -0.61042E-02    -0.13718E-01
     0.12611E+01    -0.10421E-01    -0.10464E-01    -0.10420E-01    -0.10464E-01
     0.12702E+01    -0.10054E-01    -0.10671E-01    -0.10020E-01    -0.10687E-01
     0.12844E+01    -0.94597E-02    -0.11002E-01    -0.93736E-02    -0.11044E-01
     0.13032E+01    -0.87546E-02    -0.11367E-01    -0.86072E-02    -0.11439E-01
     0.13239E+01    -0.81500E-02    -0.11629E-01    -0.79524E-02    -0.11726E-01
     0.13447E+01    -0.76427E-02    -0.11810E-01    -0.74045E-02    -0.11928E-01
     0.13643E+01    -0.72374E-02    -0.11922E-01    -0.69682E-02    -0.12056E-01
     0.13819E+01    -0.69226E-02    -0.11984E-01    -0.66306E-02    -0.12129E-01
     0.13972E+01    -0.66846E-02    -0.12010E-01    -0.63763E-02    -0.12164E-01
     0.14114E+01    -0.64828E-02    -0.12021E-01    -0.61614E-02    -0.12181E-01
     0.14241E+01    -0.63069E-02    -0.12026E-01    -0.59744E-02    -0.12191E-01
     0.14362E+01    -0.61066E-02    -0.12052E-01    -0.57606E-02    -0.12225E-01
     0.14472E+01    -0.59204E-02    -0.12077E-01    -0.55620E-02    -0.12256E-01
     0.14574E+01    -0.56912E-02    -0.12137E-01    -0.53163E-02    -0.12324E-01
     0.14661E+01    -0.54487E-02    -0.12218E-01    -0.50556E-02    -0.12414E-01
     0.14732E+01    -0.94322E-02    -0.95636E-02    -0.94259E-02    -0.95665E-02
     0.14863E+01    -0.89227E-02    -0.97992E-02    -0.88731E-02    -0.98237E-02
     0.15054E+01    -0.82496E-02    -0.10089E-01    -0.81438E-02    -0.10142E-01
     0.15302E+01    -0.74624E-02    -0.10399E-01    -0.72923E-02    -0.10484E-01
     0.15574E+01    -0.67529E-02    -0.10629E-01    -0.65275E-02    -0.10741E-01
     0.15851E+01    -0.61165E-02    -0.10800E-01    -0.58437E-02    -0.10936E-01
     0.16113E+01    -0.55765E-02    -0.10915E-01    -0.52654E-02    -0.11070E-01
     0.16352E+01    -0.51395E-02    -0.10982E-01    -0.47997E-02    -0.11152E-01
     0.16562E+01    -0.48156E-02    -0.11003E-01    -0.44566E-02    -0.11182E-01
     0.16748E+01    -0.45465E-02    -0.11008E-01    -0.41730E-02    -0.11195E-01
     0.16895E+01    -0.43754E-02    -0.10988E-01    -0.39942E-02    -0.11178E-01
     0.16966E+01    -0.84632E-02    -0.86654E-02    -0.84525E-02    -0.86707E-02
     0.17097E+01    -0.79783E-02    -0.88509E-02    -0.79284E-02    -0.88757E-02
     0.17289E+01    -0.73389E-02    -0.90768E-02    -0.72383E-02    -0.91270E-02
     0.17536E+01    -0.65945E-02    -0.93143E-02    -0.64365E-02    -0.93932E-02
     0.17808E+01    -0.59236E-02    -0.94857E-02    -0.57162E-02    -0.95893E-02
     0.18085E+01    -0.53236E-02    -0.96070E-02    -0.50743E-02    -0.97316E-02
     0.18347E+01    -0.48154E-02    -0.96838E-02    -0.45324E-02    -0.98253E-02
     0.18586E+01    -0.44041E-02    -0.97224E-02    -0.40959E-02    -0.98765E-02
     0.18796E+01    -0.40978E-02    -0.97260E-02    -0.37728E-02    -0.98885E-02
     0.18982E+01    -0.38443E-02    -0.97181E-02    -0.35066E-02    -0.98870E-02
     0.19129E+01    -0.36799E-02    -0.96936E-02    -0.33355E-02    -0.98659E-02
     0.19192E+01    -0.75317E-02    -0.78659E-02    -0.75129E-02    -0.78753E-02
     0.19305E+01    -0.71595E-02    -0.79765E-02    -0.71128E-02    -0.79999E-02
     0.19476E+01    -0.66216E-02    -0.81278E-02    -0.65351E-02    -0.81712E-02
     0.19702E+01    -0.59681E-02    -0.82932E-02    -0.58343E-02    -0.83603E-02
     0.19953E+01    -0.53739E-02    -0.84092E-02    -0.51992E-02    -0.84968E-02
     0.20209E+01    -0.48455E-02    -0.84850E-02    -0.46362E-02    -0.85900E-02
     0.20452E+01    -0.44113E-02    -0.85219E-02    -0.41754E-02    -0.86401E-02
     0.20676E+01    -0.40515E-02    -0.85353E-02    -0.37950E-02    -0.86639E-02
     0.20875E+01    -0.37774E-02    -0.85250E-02    -0.35066E-02    -0.86607E-02
     0.21057E+01    -0.35310E-02    -0.85123E-02    -0.32481E-02    -0.86541E-02
     0.21215E+01    -0.33426E-02    -0.84895E-02    -0.30516E-02    -0.86353E-02
     0.21348E+01    -0.31546E-02    -0.84806E-02    -0.28548E-02    -0.86308E-02
     0.71532E-02    -0.15497E-01    -0.18994E-01    -0.15493E-01    -0.18994E-01
     0.20231E-01    -0.16675E-01    -0.19031E-01    -0.16667E-01    -0.19030E-01
     0.39388E-01    -0.17992E-01    -0.19089E-01    -0.17981E-01    -0.19088E-01
     0.64119E-01    -0.19230E-01    -0.19180E-01    -0.19216E-01    -0.19177E-01
     0.91319E-01    -0.19905E-01    -0.19244E-01    -0.19891E-01    -0.19241E-01
     0.11904E+00    -0.20194E-01    -0.19291E-01    -0.20181E-01    -0.19288E-01
     0.14525E+00    -0.20193E-01    -0.19313E-01    -0.20181E-01    -0.19309E-01
     0.16914E+00    -0.19994E-01    -0.19304E-01    -0.19984E-01    -0.19300E-01
     0.19010E+00    -0.19655E-01    -0.19256E-01    -0.19647E-01    -0.19253E-01
     0.20870E+00    -0.19329E-01    -0.19207E-01    -0.19322E-01    -0.19204E-01
     0.22340E+00    -0.18964E-01    -0.19126E-01    -0.18957E-01    -0.19123E-01
     0.22914E+00    -0.14832E-01    -0.17387E-01    -0.14820E-01    -0.17390E-01
     0.23940E+00    -0.15781E-01    -0.17767E-01    -0.15767E-01    -0.17768E-01
     0.25414E+00    -0.16757E-01    -0.18220E-01    -0.16742E-01    -0.18218E-01
     0.27269E+00    -0.17560E-01    -0.18695E-01    -0.17544E-01    -0.18691E-01
     0.29295E+00    -0.17622E-01    -0.19290E-01    -0.17621E-01    -0.19274E-01
     0.31346E+00    -0.16848E-01    -0.20103E-01    -0.16832E-01    -0.20094E-01
     0.33306E+00    -0.16365E-01    -0.20361E-01    -0.16336E-01    -0.20359E-01
     0.35122E+00    -0.16096E-01    -0.20196E-01    -0.16059E-01    -0.20200E-01
     0.36734E+00    -0.15991E-01    -0.19704E-01    -0.15952E-01    -0.19712E-01
     0.38045E+00    -0.15861E-01    -0.19403E-01    -0.15820E-01    -0.19414E-01
     0.38618E+00    -0.13907E-01    -0.16229E-01    -0.13874E-01    -0.16243E-01
     0.39644E+00    -0.14308E-01    -0.16704E-01    -0.14272E-01    -0.16717E-01
     0.41118E+00    -0.14671E-01    -0.17262E-01    -0.14630E-01    -0.17275E-01
     0.42973E+00    -0.14887E-01    -0.17834E-01    -0.14839E-01    -0.17850E-01
     0.44999E+00    -0.14875E-01    -0.18279E-01    -0.14815E-01    -0.18299E-01
     0.47050E+00    -0.14419E-01    -0.18857E-01    -0.14346E-01    -0.18878E-01
     0.49010E+00    -0.14007E-01    -0.19109E-01    -0.13916E-01    -0.19140E-01
     0.50826E+00    -0.13720E-01    -0.19018E-01    -0.13618E-01    -0.19057E-01
     0.52438E+00    -0.13530E-01    -0.18669E-01    -0.13426E-01    -0.18711E-01
     0.53749E+00    -0.13361E-01    -0.18436E-01    -0.13253E-01    -0.18482E-01
     0.54464E+00    -0.13068E-01    -0.14896E-01    -0.13027E-01    -0.14915E-01
     0.55772E+00    -0.13031E-01    -0.15208E-01    -0.12983E-01    -0.15230E-01
     0.57687E+00    -0.12912E-01    -0.15595E-01    -0.12850E-01    -0.15622E-01
     0.60160E+00    -0.12666E-01    -0.16023E-01    -0.12587E-01    -0.16059E-01
     0.62881E+00    -0.12325E-01    -0.16335E-01    -0.12226E-01    -0.16380E-01
     0.65652E+00    -0.11927E-01    -0.16565E-01    -0.11807E-01    -0.16620E-01
     0.68274E+00    -0.11524E-01    -0.16715E-01    -0.11384E-01    -0.16780E-01
     0.70662E+00    -0.11153E-01    -0.16790E-01    -0.10995E-01    -0.16865E-01
     0.72758E+00    -0.10845E-01    -0.16788E-01    -0.10672E-01    -0.16870E-01
     0.74619E+00    -0.10573E-01    -0.16772E-01    -0.10388E-01    -0.16862E-01
     0.76089E+00    -0.10388E-01    -0.16702E-01    -0.10196E-01    -0.16796E-01
     0.76721E+00    -0.12236E-01    -0.13335E-01    -0.12194E-01    -0.13356E-01
     0.77856E+00    -0.11983E-01    -0.13618E-01    -0.11919E-01    -0.13648E-01
     0.79563E+00    -0.11587E-01    -0.14019E-01    -0.11489E-01    -0.14065E-01
     0.81822E+00    -0.11054E-01    -0.14482E-01    -0.10912E-01    -0.14550E-01
     0.84328E+00    -0.10531E-01    -0.14821E-01    -0.10346E-01    -0.14911E-01
     0.86890E+00    -0.10031E-01    -0.15065E-01    -0.98047E-02    -0.15175E-01
     0.89326E+00    -0.96003E-02    -0.15205E-01    -0.93385E-02    -0.15333E-01
     0.91557E+00    -0.92304E-02    -0.15284E-01    -0.89382E-02    -0.15428E-01
     0.93553E+00    -0.89453E-02    -0.15292E-01    -0.86302E-02    -0.15447E-01
     0.95367E+00    -0.86734E-02    -0.15309E-01    -0.83361E-02    -0.15475E-01
     0.96951E+00    -0.84670E-02    -0.15286E-01    -0.81135E-02    -0.15462E-01
     0.98278E+00    -0.82524E-02    -0.15310E-01    -0.78809E-02    -0.15494E-01
     0.98993E+00    -0.11333E-01    -0.12045E-01    -0.11297E-01    -0.12062E-01
     0.10030E+01    -0.10854E-01    -0.12400E-01    -0.10776E-01    -0.12437E-01
     0.10222E+01    -0.10210E-01    -0.12836E-01    -0.10076E-01    -0.12902E-01
     0.10469E+01    -0.94341E-02    -0.13309E-01    -0.92332E-02    -0.13408E-01
     0.10741E+01    -0.87261E-02    -0.13657E-01    -0.84665E-02    -0.13784E-01
     0.11018E+01    -0.80815E-02    -0.13913E-01    -0.77701E-02    -0.14067E-01
     0.11280E+01    -0.75319E-02    -0.14084E-01    -0.71781E-02    -0.14259E-01
     0.11519E+01    -0.70908E-02    -0.14177E-01    -0.67048E-02    -0.14369E-01
     0.11729E+01    -0.67751E-02    -0.14194E-01    -0.63686E-02    -0.14395E-01
     0.11915E+01    -0.65119E-02    -0.14192E-01    -0.60893E-02    -0.14402E-01
     0.12062E+01    -0.63648E-02    -0.14141E-01    -0.59354E-02    -0.14354E-01
     0.12112E+01    -0.10572E-01    -0.10750E-01    -0.10563E-01    -0.10754E-01
     0.12203E+01    -0.10165E-01    -0.10996E-01    -0.10120E-01    -0.11018E-01
     0.12345E+01    -0.95049E-02    -0.11389E-01    -0.94013E-02    -0.11440E-01
     0.12533E+01    -0.87283E-02    -0.11819E-01    -0.85570E-02    -0.11904E-01
     0.12740E+01    -0.80823E-02    -0.12118E-01    -0.78569E-02    -0.12230E-01
     0.12948E+01    -0.75571E-02    -0.12315E-01    -0.72897E-02    -0.12447E-01
     0.13144E+01    -0.71533E-02    -0.12426E-01    -0.68553E-02    -0.12574E-01
     0.13320E+01    -0.68536E-02    -0.12476E-01    -0.65344E-02    -0.12635E-01
     0.13473E+01    -0.66389E-02    -0.12485E-01    -0.63057E-02    -0.12651E-01
     0.13614E+01    -0.64599E-02    -0.12478E-01    -0.61157E-02    -0.12650E-01
     0.13742E+01    -0.63041E-02    -0.12467E-01    -0.59508E-02    -0.12643E-01
     0.13863E+01    -0.61120E-02    -0.12488E-01    -0.57460E-02    -0.12670E-01
     0.13973E+01    -0.59325E-02    -0.12508E-01    -0.55547E-02    -0.12696E-01
     0.14075E+01    -0.56971E-02    -0.12573E-01    -0.53021E-02    -0.12770E-01
     0.14162E+01    -0.54438E-02    -0.12663E-01    -0.50296E-02    -0.12870E-01
     0.14212E+01    -0.97086E-02    -0.97544E-02    -0.97071E-02    -0.97550E-02
     0.14302E+01    -0.92907E-02    -0.99671E-02    -0.92531E-02    -0.99855E-02
     0.14444E+01    -0.86187E-02    -0.10306E-01    -0.85232E-02    -0.10353E-01
     0.14633E+01    -0.78335E-02    -0.10674E-01    -0.76715E-02    -0.10755E-01
     0.14840E+01    -0.71818E-02    -0.10931E-01    -0.69670E-02    -0.11038E-01
     0.15048E+01    -0.66535E-02    -0.11101E-01    -0.63979E-02    -0.11228E-01
     0.15244E+01    -0.62478E-02    -0.11197E-01    -0.59626E-02    -0.11339E-01
     0.15420E+01    -0.59463E-02    -0.11241E-01    -0.56406E-02    -0.11393E-01
     0.15573E+01    -0.57294E-02    -0.11249E-01    -0.54103E-02    -0.11408E-01
     0.15714E+01    -0.55505E-02    -0.11243E-01    -0.52211E-02    -0.11407E-01
     0.15842E+01    -0.53959E-02    -0.11232E-01    -0.50579E-02    -0.11401E-01
     0.15962E+01    -0.52090E-02    -0.11246E-01    -0.48596E-02    -0.11420E-01
     0.16073E+01    -0.50354E-02    -0.11259E-01    -0.46756E-02    -0.11439E-01
     0.16175E+01    -0.48102E-02    -0.11309E-01    -0.44352E-02    -0.11497E-01
     0.16261E+01    -0.45681E-02    -0.11380E-01    -0.41759E-02    -0.11576E-01
     0.16325E+01    -0.87527E-02    -0.89053E-02    -0.87449E-02    -0.89091E-02
     0.16438E+01    -0.82974E-02    -0.90939E-02    -0.82523E-02    -0.91163E-02
     0.16609E+01    -0.76405E-02    -0.93554E-02    -0.75423E-02    -0.94043E-02
     0.16835E+01    -0.68484E-02    -0.96477E-02    -0.66875E-02    -0.97279E-02
     0.17085E+01    -0.61522E-02    -0.98588E-02    -0.59388E-02    -0.99653E-02
     0.17341E+01    -0.55495E-02    -0.10005E-01    -0.52928E-02    -0.10134E-01
     0.17585E+01    -0.50725E-02    -0.10086E-01    -0.47840E-02    -0.10230E-01
     0.17808E+01    -0.46893E-02    -0.10127E-01    -0.43770E-02    -0.10283E-01
     0.18008E+01    -0.44135E-02    -0.10126E-01    -0.40862E-02    -0.10289E-01
     0.18189E+01    -0.41627E-02    -0.10123E-01    -0.38224E-02    -0.10293E-01
     0.18348E+01    -0.39816E-02    -0.10100E-01    -0.36336E-02    -0.10274E-01
     0.18480E+01    -0.37885E-02    -0.10101E-01    -0.34309E-02    -0.10279E-01
     0.18543E+01    -0.77746E-02    -0.81009E-02    -0.77566E-02    -0.81099E-02
     0.18657E+01    -0.73565E-02    -0.82408E-02    -0.73064E-02    -0.82659E-02
     0.18828E+01    -0.67541E-02    -0.84329E-02    -0.66586E-02    -0.84807E-02
     0.19053E+01    -0.60281E-02    -0.86437E-02    -0.58792E-02    -0.87183E-02
     0.19304E+01    -0.53860E-02    -0.87905E-02    -0.51921E-02    -0.88877E-02
     0.19560E+01    -0.48275E-02    -0.88866E-02    -0.45966E-02    -0.90022E-02
     0.19804E+01    -0.43824E-02    -0.89326E-02    -0.41240E-02    -0.90620E-02
     0.20027E+01    -0.40226E-02    -0.89491E-02    -0.37438E-02    -0.90887E-02
     0.20227E+01    -0.37608E-02    -0.89350E-02    -0.34691E-02    -0.90811E-02
     0.20408E+01    -0.35243E-02    -0.89197E-02    -0.32216E-02    -0.90713E-02
     0.20566E+01    -0.33510E-02    -0.88913E-02    -0.30416E-02    -0.90462E-02
     0.20699E+01    -0.31694E-02    -0.88813E-02    -0.28520E-02    -0.90402E-02
     0.71532E-02    -0.15089E-01    -0.18951E-01    -0.15084E-01    -0.18950E-01
     0.20231E-01    -0.15973E-01    -0.18947E-01    -0.15965E-01    -0.18946E-01
     0.39388E-01    -0.16978E-01    -0.18948E-01    -0.16968E-01    -0.18947E-01
     0.64119E-01    -0.17939E-01    -0.18965E-01    -0.17926E-01    -0.18963E-01
     0.91319E-01    -0.18520E-01    -0.18970E-01    -0.18506E-01    -0.18967E-01
     0.11904E+00    -0.18833E-01    -0.18974E-01    -0.18820E-01    -0.18971E-01
     0.14525E+00    -0.18938E-01    -0.18974E-01    -0.18926E-01    -0.18971E-01
     0.16914E+00    -0.18894E-01    -0.18965E-01    -0.18883E-01    -0.18962E-01
     0.19010E+00    -0.18739E-01    -0.18939E-01    -0.18730E-01    -0.18937E-01
     0.20870E+00    -0.18572E-01    -0.18916E-01    -0.18564E-01    -0.18914E-01
     0.22340E+00    -0.18369E-01    -0.18876E-01    -0.18362E-01    -0.18875E-01
     0.22841E+00    -0.14147E-01    -0.17081E-01    -0.14135E-01    -0.17085E-01
     0.23748E+00    -0.14484E-01    -0.17173E-01    -0.14471E-01    -0.17177E-01
     0.25167E+00    -0.14973E-01    -0.17334E-01    -0.14958E-01    -0.17337E-01
     0.27052E+00    -0.15429E-01    -0.17514E-01    -0.15413E-01    -0.17516E-01
     0.29125E+00    -0.15658E-01    -0.17629E-01    -0.15640E-01    -0.17631E-01
     0.31206E+00    -0.15727E-01    -0.17697E-01    -0.15708E-01    -0.17699E-01
     0.33161E+00    -0.15690E-01    -0.17727E-01    -0.15669E-01    -0.17731E-01
     0.34921E+00    -0.15595E-01    -0.17730E-01    -0.15572E-01    -0.17735E-01
     0.36455E+00    -0.15474E-01    -0.17714E-01    -0.15449E-01    -0.17721E-01
     0.37867E+00    -0.15348E-01    -0.17695E-01    -0.15321E-01    -0.17705E-01
     0.39146E+00    -0.15226E-01    -0.17677E-01    -0.15196E-01    -0.17688E-01
     0.40349E+00    -0.15125E-01    -0.17684E-01    -0.15092E-01    -0.17697E-01
     0.41453E+00    -0.15027E-01    -0.17695E-01    -0.14992E-01    -0.17709E-01
     0.42471E+00    -0.14956E-01    -0.17742E-01    -0.14917E-01    -0.17759E-01
     0.43338E+00    -0.14905E-01    -0.17813E-01    -0.14864E-01    -0.17831E-01
     0.43911E+00    -0.13576E-01    -0.15659E-01    -0.13545E-01    -0.15672E-01
     0.44937E+00    -0.13760E-01    -0.16012E-01    -0.13725E-01    -0.16024E-01
     0.46412E+00    -0.13906E-01    -0.16425E-01    -0.13864E-01    -0.16439E-01
     0.48266E+00    -0.13951E-01    -0.16849E-01    -0.13901E-01    -0.16866E-01
     0.50293E+00    -0.13863E-01    -0.17189E-01    -0.13803E-01    -0.17210E-01
     0.52344E+00    -0.13678E-01    -0.17437E-01    -0.13606E-01    -0.17464E-01
     0.54304E+00    -0.13436E-01    -0.17562E-01    -0.13352E-01    -0.17595E-01
     0.56120E+00    -0.13180E-01    -0.17578E-01    -0.13086E-01    -0.17617E-01
     0.57732E+00    -0.12946E-01    -0.17499E-01    -0.12845E-01    -0.17544E-01
     0.59042E+00    -0.12758E-01    -0.17455E-01    -0.12649E-01    -0.17504E-01
     0.59615E+00    -0.12909E-01    -0.14543E-01    -0.12858E-01    -0.14566E-01
     0.60642E+00    -0.12820E-01    -0.14930E-01    -0.12753E-01    -0.14960E-01
     0.62116E+00    -0.12655E-01    -0.15385E-01    -0.12566E-01    -0.15424E-01
     0.63970E+00    -0.12402E-01    -0.15849E-01    -0.12283E-01    -0.15901E-01
     0.65997E+00    -0.12089E-01    -0.16223E-01    -0.11940E-01    -0.16291E-01
     0.68048E+00    -0.11750E-01    -0.16502E-01    -0.11569E-01    -0.16586E-01
     0.70008E+00    -0.11432E-01    -0.16653E-01    -0.11223E-01    -0.16751E-01
     0.71824E+00    -0.11159E-01    -0.16692E-01    -0.10928E-01    -0.16802E-01
     0.73436E+00    -0.10951E-01    -0.16637E-01    -0.10705E-01    -0.16755E-01
     0.74746E+00    -0.10777E-01    -0.16603E-01    -0.10517E-01    -0.16729E-01
     0.75462E+00    -0.12341E-01    -0.13344E-01    -0.12297E-01    -0.13364E-01
     0.76769E+00    -0.12114E-01    -0.13591E-01    -0.12049E-01    -0.13622E-01
     0.78685E+00    -0.11778E-01    -0.13901E-01    -0.11683E-01    -0.13946E-01
     0.81158E+00    -0.11332E-01    -0.14245E-01    -0.11198E-01    -0.14309E-01
     0.83878E+00    -0.10863E-01    -0.14512E-01    -0.10689E-01    -0.14596E-01
     0.86650E+00    -0.10384E-01    -0.14728E-01    -0.10169E-01    -0.14832E-01
     0.89271E+00    -0.99303E-02    -0.14894E-01    -0.96774E-02    -0.15017E-01
     0.91660E+00    -0.95237E-02    -0.15009E-01    -0.92364E-02    -0.15150E-01
     0.93756E+00    -0.91868E-02    -0.15072E-01    -0.88718E-02    -0.15227E-01
     0.95617E+00    -0.88877E-02    -0.15119E-01    -0.85481E-02    -0.15286E-01
     0.97087E+00    -0.86736E-02    -0.15126E-01    -0.83171E-02    -0.15303E-01
     0.97802E+00    -0.11505E-01    -0.11989E-01    -0.11480E-01    -0.12001E-01
     0.99110E+00    -0.11138E-01    -0.12247E-01    -0.11078E-01    -0.12275E-01
     0.10103E+01    -0.10631E-01    -0.12569E-01    -0.10526E-01    -0.12620E-01
     0.10350E+01    -0.10007E-01    -0.12924E-01    -0.98475E-02    -0.13002E-01
     0.10622E+01    -0.94036E-02    -0.13203E-01    -0.91929E-02    -0.13306E-01
     0.10899E+01    -0.88252E-02    -0.13426E-01    -0.85670E-02    -0.13553E-01
     0.11161E+01    -0.83029E-02    -0.13596E-01    -0.80029E-02    -0.13743E-01
     0.11400E+01    -0.78534E-02    -0.13714E-01    -0.75187E-02    -0.13880E-01
     0.11610E+01    -0.74950E-02    -0.13779E-01    -0.71342E-02    -0.13958E-01
     0.11796E+01    -0.71842E-02    -0.13826E-01    -0.68017E-02    -0.14016E-01
     0.11943E+01    -0.69681E-02    -0.13836E-01    -0.65716E-02    -0.14033E-01
     0.11993E+01    -0.10724E-01    -0.10727E-01    -0.10725E-01    -0.10726E-01
     0.12083E+01    -0.10405E-01    -0.10909E-01    -0.10378E-01    -0.10923E-01
     0.12225E+01    -0.98887E-02    -0.11201E-01    -0.98144E-02    -0.11237E-01
     0.12414E+01    -0.92641E-02    -0.11528E-01    -0.91344E-02    -0.11591E-01
     0.12621E+01    -0.87056E-02    -0.11773E-01    -0.85284E-02    -0.11860E-01
     0.12829E+01    -0.82173E-02    -0.11954E-01    -0.79999E-02    -0.12061E-01
     0.13025E+01    -0.78094E-02    -0.12078E-01    -0.75597E-02    -0.12202E-01
     0.13201E+01    -0.74779E-02    -0.12159E-01    -0.72027E-02    -0.12295E-01
     0.13354E+01    -0.72148E-02    -0.12207E-01    -0.69203E-02    -0.12353E-01
     0.13495E+01    -0.69880E-02    -0.12238E-01    -0.66774E-02    -0.12393E-01
     0.13623E+01    -0.67893E-02    -0.12261E-01    -0.64650E-02    -0.12422E-01
     0.13744E+01    -0.65765E-02    -0.12298E-01    -0.62370E-02    -0.12468E-01
     0.13854E+01    -0.63791E-02    -0.12333E-01    -0.60258E-02    -0.12510E-01
     0.13956E+01    -0.61500E-02    -0.12397E-01    -0.57797E-02    -0.12582E-01
     0.14042E+01    -0.59120E-02    -0.12480E-01    -0.55232E-02    -0.12674E-01
     0.14106E+01    -0.98159E-02    -0.97592E-02    -0.98206E-02    -0.97566E-02
     0.14219E+01    -0.94308E-02    -0.99367E-02    -0.94023E-02    -0.99506E-02
     0.14390E+01    -0.88680E-02    -0.10186E-01    -0.87914E-02    -0.10224E-01
     0.14616E+01    -0.81728E-02    -0.10473E-01    -0.80379E-02    -0.10540E-01
     0.14866E+01    -0.75248E-02    -0.10699E-01    -0.73375E-02    -0.10792E-01
     0.15123E+01    -0.69330E-02    -0.10874E-01    -0.66995E-02    -0.10990E-01
     0.15366E+01    -0.64324E-02    -0.10993E-01    -0.61617E-02    -0.11128E-01
     0.15589E+01    -0.60074E-02    -0.11076E-01    -0.57063E-02    -0.11226E-01
     0.15789E+01    -0.56735E-02    -0.11118E-01    -0.53502E-02    -0.11279E-01
     0.15970E+01    -0.53706E-02    -0.11153E-01    -0.50279E-02    -0.11324E-01
     0.16129E+01    -0.51336E-02    -0.11166E-01    -0.47768E-02    -0.11344E-01
     0.16261E+01    -0.49016E-02    -0.11195E-01    -0.45305E-02    -0.11380E-01
     0.16325E+01    -0.88536E-02    -0.88471E-02    -0.88551E-02    -0.88462E-02
     0.16438E+01    -0.84771E-02    -0.89915E-02    -0.84478E-02    -0.90060E-02
     0.16609E+01    -0.79297E-02    -0.91930E-02    -0.78558E-02    -0.92297E-02
     0.16835E+01    -0.72571E-02    -0.94217E-02    -0.71297E-02    -0.94852E-02
     0.17085E+01    -0.66311E-02    -0.95984E-02    -0.64557E-02    -0.96859E-02
     0.17341E+01    -0.60621E-02    -0.97316E-02    -0.58448E-02    -0.98400E-02
     0.17585E+01    -0.55825E-02    -0.98181E-02    -0.53316E-02    -0.99435E-02
     0.17808E+01    -0.51772E-02    -0.98745E-02    -0.48992E-02    -0.10013E-01
     0.18008E+01    -0.48594E-02    -0.98981E-02    -0.45617E-02    -0.10047E-01
     0.18189E+01    -0.45739E-02    -0.99154E-02    -0.42592E-02    -0.10073E-01
     0.18348E+01    -0.43505E-02    -0.99157E-02    -0.40236E-02    -0.10079E-01
     0.18480E+01    -0.41335E-02    -0.99295E-02    -0.37944E-02    -0.10099E-01
     0.18530E+01    -0.79062E-02    -0.80438E-02    -0.78988E-02    -0.80474E-02
     0.18621E+01    -0.76041E-02    -0.81407E-02    -0.75734E-02    -0.81561E-02
     0.18763E+01    -0.71229E-02    -0.82930E-02    -0.70550E-02    -0.83270E-02
     0.18951E+01    -0.65455E-02    -0.84594E-02    -0.64340E-02    -0.85153E-02
     0.19159E+01    -0.60264E-02    -0.85806E-02    -0.58772E-02    -0.86554E-02
     0.19367E+01    -0.55738E-02    -0.86645E-02    -0.53928E-02    -0.87551E-02
     0.19562E+01    -0.51966E-02    -0.87169E-02    -0.49903E-02    -0.88202E-02
     0.19738E+01    -0.48904E-02    -0.87458E-02    -0.46645E-02    -0.88590E-02
     0.19892E+01    -0.46475E-02    -0.87583E-02    -0.44066E-02    -0.88790E-02
     0.20033E+01    -0.44421E-02    -0.87604E-02    -0.41892E-02    -0.88870E-02
     0.20161E+01    -0.42648E-02    -0.87573E-02    -0.40022E-02    -0.88888E-02
     0.20281E+01    -0.40822E-02    -0.87601E-02    -0.38094E-02    -0.88967E-02
     0.20392E+01    -0.39147E-02    -0.87616E-02    -0.36328E-02    -0.89028E-02
     0.20493E+01    -0.37258E-02    -0.87764E-02    -0.34331E-02    -0.89229E-02
     0.20580E+01    -0.35305E-02    -0.88019E-02    -0.32261E-02    -0.89543E-02
     0.57310E-02    -0.15918E-01    -0.19050E-01    -0.15910E-01    -0.19049E-01
     0.15993E-01    -0.17549E-01    -0.19160E-01    -0.17537E-01    -0.19159E-01
     0.30736E-01    -0.19323E-01    -0.19306E-01    -0.19305E-01    -0.19304E-01
     0.49282E-01    -0.20934E-01    -0.19481E-01    -0.20911E-01    -0.19478E-01
     0.69547E-01    -0.21973E-01    -0.19633E-01    -0.21949E-01    -0.19629E-01
     0.90059E-01    -0.21421E-01    -0.20306E-01    -0.21440E-01    -0.20278E-01
     0.10966E+00    -0.20721E-01    -0.20699E-01    -0.20738E-01    -0.20673E-01
     0.12782E+00    -0.20369E-01    -0.20625E-01    -0.20383E-01    -0.20602E-01
     0.14394E+00    -0.20303E-01    -0.20166E-01    -0.20315E-01    -0.20148E-01
     0.15704E+00    -0.20150E-01    -0.19945E-01    -0.20160E-01    -0.19929E-01
     0.16336E+00    -0.14497E-01    -0.17670E-01    -0.14493E-01    -0.17670E-01
     0.17471E+00    -0.15035E-01    -0.17760E-01    -0.15029E-01    -0.17759E-01
     0.19178E+00    -0.15716E-01    -0.17898E-01    -0.15708E-01    -0.17897E-01
     0.21437E+00    -0.16373E-01    -0.18070E-01    -0.16364E-01    -0.18069E-01
     0.23943E+00    -0.16709E-01    -0.18188E-01    -0.16698E-01    -0.18187E-01
     0.26505E+00    -0.16815E-01    -0.18269E-01    -0.16803E-01    -0.18267E-01
     0.28941E+00    -0.16741E-01    -0.18302E-01    -0.16728E-01    -0.18301E-01
     0.31172E+00    -0.16584E-01    -0.18309E-01    -0.16569E-01    -0.18311E-01
     0.33168E+00    -0.16364E-01    -0.18280E-01    -0.16347E-01    -0.18284E-01
     0.34982E+00    -0.16165E-01    -0.18266E-01    -0.16146E-01    -0.18271E-01
     0.36566E+00    -0.15955E-01    -0.18229E-01    -0.15933E-01    -0.18237E-01
     0.37893E+00    -0.15805E-01    -0.18230E-01    -0.15779E-01    -0.18239E-01
     0.38524E+00    -0.13670E-01    -0.15938E-01    -0.13647E-01    -0.15948E-01
     0.39659E+00    -0.13847E-01    -0.16115E-01    -0.13822E-01    -0.16125E-01
     0.41367E+00    -0.14037E-01    -0.16371E-01    -0.14009E-01    -0.16381E-01
     0.43625E+00    -0.14155E-01    -0.16674E-01    -0.14122E-01    -0.16686E-01
     0.46131E+00    -0.14107E-01    -0.16892E-01    -0.14068E-01    -0.16906E-01
     0.48694E+00    -0.13945E-01    -0.17048E-01    -0.13898E-01    -0.17066E-01
     0.51130E+00    -0.13717E-01    -0.17134E-01    -0.13661E-01    -0.17157E-01
     0.53361E+00    -0.13468E-01    -0.17181E-01    -0.13403E-01    -0.17208E-01
     0.55357E+00    -0.13222E-01    -0.17176E-01    -0.13149E-01    -0.17209E-01
     0.57171E+00    -0.12989E-01    -0.17184E-01    -0.12907E-01    -0.17221E-01
     0.58755E+00    -0.12779E-01    -0.17162E-01    -0.12690E-01    -0.17203E-01
     0.60082E+00    -0.12597E-01    -0.17179E-01    -0.12500E-01    -0.17225E-01
     0.60655E+00    -0.12841E-01    -0.14578E-01    -0.12791E-01    -0.14601E-01
     0.61681E+00    -0.12716E-01    -0.15054E-01    -0.12648E-01    -0.15085E-01
     0.63155E+00    -0.12502E-01    -0.15610E-01    -0.12407E-01    -0.15652E-01
     0.65010E+00    -0.12184E-01    -0.16174E-01    -0.12057E-01    -0.16232E-01
     0.67036E+00    -0.11809E-01    -0.16619E-01    -0.11646E-01    -0.16693E-01
     0.69088E+00    -0.11417E-01    -0.16931E-01    -0.11219E-01    -0.17023E-01
     0.71047E+00    -0.11067E-01    -0.17072E-01    -0.10840E-01    -0.17179E-01
     0.72863E+00    -0.10787E-01    -0.17067E-01    -0.10539E-01    -0.17186E-01
     0.74475E+00    -0.10596E-01    -0.16944E-01    -0.10336E-01    -0.17070E-01
     0.75786E+00    -0.10439E-01    -0.16856E-01    -0.10168E-01    -0.16987E-01
     0.76287E+00    -0.12314E-01    -0.13270E-01    -0.12274E-01    -0.13289E-01
     0.77193E+00    -0.12122E-01    -0.13494E-01    -0.12065E-01    -0.13521E-01
     0.78613E+00    -0.11793E-01    -0.13858E-01    -0.11705E-01    -0.13900E-01
     0.80497E+00    -0.11365E-01    -0.14262E-01    -0.11239E-01    -0.14322E-01
     0.82570E+00    -0.10959E-01    -0.14545E-01    -0.10799E-01    -0.14622E-01
     0.84651E+00    -0.10587E-01    -0.14736E-01    -0.10397E-01    -0.14828E-01
     0.86606E+00    -0.10268E-01    -0.14849E-01    -0.10052E-01    -0.14954E-01
     0.88366E+00    -0.10004E-01    -0.14905E-01    -0.97680E-02    -0.15020E-01
     0.89900E+00    -0.97944E-02    -0.14921E-01    -0.95424E-02    -0.15045E-01
     0.91312E+00    -0.96075E-02    -0.14924E-01    -0.93415E-02    -0.15055E-01
     0.92591E+00    -0.94396E-02    -0.14923E-01    -0.91610E-02    -0.15061E-01
     0.93795E+00    -0.92505E-02    -0.14955E-01    -0.89567E-02    -0.15100E-01
     0.94899E+00    -0.90720E-02    -0.14987E-01    -0.87637E-02    -0.15140E-01
     0.95916E+00    -0.88586E-02    -0.15068E-01    -0.85319E-02    -0.15230E-01
     0.96783E+00    -0.86379E-02    -0.15174E-01    -0.82914E-02    -0.15346E-01
     0.97499E+00    -0.11456E-01    -0.12068E-01    -0.11425E-01    -0.12083E-01
     0.98806E+00    -0.11040E-01    -0.12373E-01    -0.10972E-01    -0.12406E-01
     0.10072E+01    -0.10472E-01    -0.12753E-01    -0.10354E-01    -0.12810E-01
     0.10320E+01    -0.97796E-02    -0.13167E-01    -0.96021E-02    -0.13254E-01
     0.10592E+01    -0.91287E-02    -0.13480E-01    -0.88978E-02    -0.13593E-01
     0.10869E+01    -0.85201E-02    -0.13720E-01    -0.82410E-02    -0.13857E-01
     0.11131E+01    -0.79854E-02    -0.13891E-01    -0.76655E-02    -0.14049E-01
     0.11370E+01    -0.75400E-02    -0.13997E-01    -0.71879E-02    -0.14171E-01
     0.11579E+01    -0.72020E-02    -0.14038E-01    -0.68276E-02    -0.14224E-01
     0.11765E+01    -0.69139E-02    -0.14061E-01    -0.65215E-02    -0.14256E-01
     0.11912E+01    -0.67310E-02    -0.14041E-01    -0.63288E-02    -0.14241E-01
     0.11984E+01    -0.10576E-01    -0.10854E-01    -0.10561E-01    -0.10861E-01
     0.12115E+01    -0.10081E-01    -0.11140E-01    -0.10024E-01    -0.11168E-01
     0.12306E+01    -0.94211E-02    -0.11495E-01    -0.93072E-02    -0.11551E-01
     0.12554E+01    -0.86377E-02    -0.11879E-01    -0.84582E-02    -0.11967E-01
     0.12826E+01    -0.79230E-02    -0.12169E-01    -0.76861E-02    -0.12286E-01
     0.13103E+01    -0.72727E-02    -0.12390E-01    -0.69857E-02    -0.12532E-01
     0.13365E+01    -0.67142E-02    -0.12546E-01    -0.63862E-02    -0.12709E-01
     0.13604E+01    -0.62581E-02    -0.12642E-01    -0.58987E-02    -0.12821E-01
     0.13813E+01    -0.59184E-02    -0.12679E-01    -0.55379E-02    -0.12869E-01
     0.13999E+01    -0.56332E-02    -0.12698E-01    -0.52362E-02    -0.12896E-01
     0.14146E+01    -0.54539E-02    -0.12681E-01    -0.50483E-02    -0.12883E-01
     0.14197E+01    -0.97648E-02    -0.97277E-02    -0.97681E-02    -0.97258E-02
     0.14287E+01    -0.93878E-02    -0.99143E-02    -0.93592E-02    -0.99283E-02
     0.14429E+01    -0.87818E-02    -0.10212E-01    -0.87019E-02    -0.10251E-01
     0.14618E+01    -0.80653E-02    -0.10538E-01    -0.79259E-02    -0.10607E-01
     0.14825E+01    -0.74514E-02    -0.10774E-01    -0.72632E-02    -0.10868E-01
     0.15033E+01    -0.69374E-02    -0.10937E-01    -0.67099E-02    -0.11050E-01
     0.15228E+01    -0.65273E-02    -0.11039E-01    -0.62699E-02    -0.11167E-01
     0.15404E+01    -0.62091E-02    -0.11095E-01    -0.59298E-02    -0.11234E-01
     0.15558E+01    -0.59686E-02    -0.11120E-01    -0.56737E-02    -0.11267E-01
     0.15699E+01    -0.57666E-02    -0.11129E-01    -0.54593E-02    -0.11282E-01
     0.15827E+01    -0.55915E-02    -0.11131E-01    -0.52738E-02    -0.11290E-01
     0.15947E+01    -0.53944E-02    -0.11152E-01    -0.50645E-02    -0.11317E-01
     0.16058E+01    -0.52121E-02    -0.11172E-01    -0.48710E-02    -0.11342E-01
     0.16159E+01    -0.49892E-02    -0.11221E-01    -0.46333E-02    -0.11399E-01
     0.16246E+01    -0.47534E-02    -0.11289E-01    -0.43811E-02    -0.11475E-01
     0.16318E+01    -0.87486E-02    -0.89122E-02    -0.87404E-02    -0.89161E-02
     0.16449E+01    -0.82518E-02    -0.91137E-02    -0.82038E-02    -0.91375E-02
     0.16640E+01    -0.75960E-02    -0.93606E-02    -0.74966E-02    -0.94101E-02
     0.16887E+01    -0.68315E-02    -0.96221E-02    -0.66735E-02    -0.97008E-02
     0.17159E+01    -0.61421E-02    -0.98136E-02    -0.59338E-02    -0.99175E-02
     0.17437E+01    -0.55251E-02    -0.99521E-02    -0.52741E-02    -0.10077E-01
     0.17699E+01    -0.50023E-02    -0.10043E-01    -0.47170E-02    -0.10185E-01
     0.17938E+01    -0.45795E-02    -0.10091E-01    -0.42686E-02    -0.10247E-01
     0.18147E+01    -0.42652E-02    -0.10101E-01    -0.39374E-02    -0.10265E-01
     0.18333E+01    -0.40052E-02    -0.10099E-01    -0.36647E-02    -0.10269E-01
     0.18480E+01    -0.38377E-02    -0.10076E-01    -0.34905E-02    -0.10250E-01
     0.18543E+01    -0.78195E-02    -0.80790E-02    -0.78055E-02    -0.80859E-02
     0.18657E+01    -0.74345E-02    -0.82030E-02    -0.73918E-02    -0.82243E-02
     0.18828E+01    -0.68779E-02    -0.83735E-02    -0.67944E-02    -0.84154E-02
     0.19053E+01    -0.62017E-02    -0.85619E-02    -0.60696E-02    -0.86280E-02
     0.19304E+01    -0.55881E-02    -0.86969E-02    -0.54140E-02    -0.87841E-02
     0.19560E+01    -0.50428E-02    -0.87886E-02    -0.48333E-02    -0.88936E-02
     0.19804E+01    -0.45957E-02    -0.88372E-02    -0.43588E-02    -0.89559E-02
     0.20027E+01    -0.42260E-02    -0.88594E-02    -0.39679E-02    -0.89887E-02
     0.20227E+01    -0.39459E-02    -0.88543E-02    -0.36736E-02    -0.89907E-02
     0.20408E+01    -0.36943E-02    -0.88463E-02    -0.34098E-02    -0.89888E-02
     0.20566E+01    -0.35028E-02    -0.88260E-02    -0.32101E-02    -0.89726E-02
     0.20699E+01    -0.33110E-02    -0.88207E-02    -0.30095E-02    -0.89716E-02
     0.57310E-02    -0.15592E-01    -0.19016E-01    -0.15585E-01    -0.19015E-01
     0.15993E-01    -0.16954E-01    -0.19091E-01    -0.16941E-01    -0.19090E-01
     0.30736E-01    -0.18442E-01    -0.19191E-01    -0.18424E-01    -0.19189E-01
     0.49282E-01    -0.19800E-01    -0.19312E-01    -0.19778E-01    -0.19309E-01
     0.69547E-01    -0.20707E-01    -0.19418E-01    -0.20683E-01    -0.19413E-01
     0.90059E-01    -0.21194E-01    -0.19497E-01    -0.21171E-01    -0.19492E-01
     0.10966E+00    -0.21253E-01    -0.19522E-01    -0.21232E-01    -0.19517E-01
     0.12782E+00    -0.21010E-01    -0.19492E-01    -0.20992E-01    -0.19487E-01
     0.14394E+00    -0.20547E-01    -0.19404E-01    -0.20534E-01    -0.19400E-01
     0.15704E+00    -0.20269E-01    -0.19355E-01    -0.20258E-01    -0.19351E-01
     0.16336E+00    -0.14402E-01    -0.17629E-01    -0.14397E-01    -0.17629E-01
     0.17471E+00    -0.14865E-01    -0.17694E-01    -0.14858E-01    -0.17694E-01
     0.19178E+00    -0.15453E-01    -0.17797E-01    -0.15445E-01    -0.17796E-01
     0.21437E+00    -0.16026E-01    -0.17925E-01    -0.16016E-01    -0.17924E-01
     0.23943E+00    -0.16339E-01    -0.18012E-01    -0.16328E-01    -0.18011E-01
     0.26505E+00    -0.16461E-01    -0.18074E-01    -0.16449E-01    -0.18073E-01
     0.28941E+00    -0.16432E-01    -0.18104E-01    -0.16418E-01    -0.18104E-01
     0.31172E+00    -0.16325E-01    -0.18119E-01    -0.16310E-01    -0.18120E-01
     0.33168E+00    -0.16161E-01    -0.18106E-01    -0.16144E-01    -0.18109E-01
     0.34982E+00    -0.16003E-01    -0.18105E-01    -0.15984E-01    -0.18110E-01
     0.36566E+00    -0.15832E-01    -0.18087E-01    -0.15810E-01    -0.18095E-01
     0.37893E+00    -0.15706E-01    -0.18099E-01    -0.15681E-01    -0.18108E-01
     0.38608E+00    -0.13676E-01    -0.15917E-01    -0.13653E-01    -0.15927E-01
     0.39916E+00    -0.13855E-01    -0.16096E-01    -0.13831E-01    -0.16106E-01
     0.41832E+00    -0.14013E-01    -0.16320E-01    -0.13985E-01    -0.16330E-01
     0.44305E+00    -0.14083E-01    -0.16572E-01    -0.14049E-01    -0.16583E-01
     0.47025E+00    -0.14003E-01    -0.16760E-01    -0.13963E-01    -0.16774E-01
     0.49797E+00    -0.13819E-01    -0.16908E-01    -0.13771E-01    -0.16926E-01
     0.52418E+00    -0.13577E-01    -0.17017E-01    -0.13519E-01    -0.17041E-01
     0.54807E+00    -0.13311E-01    -0.17088E-01    -0.13243E-01    -0.17117E-01
     0.56903E+00    -0.13053E-01    -0.17114E-01    -0.12974E-01    -0.17149E-01
     0.58763E+00    -0.12810E-01    -0.17132E-01    -0.12722E-01    -0.17172E-01
     0.60233E+00    -0.12613E-01    -0.17115E-01    -0.12518E-01    -0.17160E-01
     0.60949E+00    -0.12869E-01    -0.14313E-01    -0.12826E-01    -0.14334E-01
     0.62256E+00    -0.12771E-01    -0.14548E-01    -0.12717E-01    -0.14573E-01
     0.64172E+00    -0.12593E-01    -0.14840E-01    -0.12521E-01    -0.14873E-01
     0.66645E+00    -0.12312E-01    -0.15164E-01    -0.12215E-01    -0.15208E-01
     0.69365E+00    -0.11970E-01    -0.15411E-01    -0.11846E-01    -0.15469E-01
     0.72137E+00    -0.11589E-01    -0.15607E-01    -0.11435E-01    -0.15680E-01
     0.74758E+00    -0.11208E-01    -0.15755E-01    -0.11023E-01    -0.15843E-01
     0.77147E+00    -0.10852E-01    -0.15854E-01    -0.10638E-01    -0.15957E-01
     0.79243E+00    -0.10546E-01    -0.15902E-01    -0.10308E-01    -0.16018E-01
     0.81104E+00    -0.10270E-01    -0.15936E-01    -0.10009E-01    -0.16064E-01
     0.82574E+00    -0.10067E-01    -0.15932E-01    -0.97900E-02    -0.16068E-01
     0.83205E+00    -0.12080E-01    -0.12820E-01    -0.12048E-01    -0.12836E-01
     0.84340E+00    -0.11841E-01    -0.13033E-01    -0.11788E-01    -0.13058E-01
     0.86048E+00    -0.11471E-01    -0.13336E-01    -0.11387E-01    -0.13376E-01
     0.88306E+00    -0.10981E-01    -0.13690E-01    -0.10855E-01    -0.13750E-01
     0.90812E+00    -0.10490E-01    -0.13965E-01    -0.10323E-01    -0.14045E-01
     0.93375E+00    -0.10009E-01    -0.14181E-01    -0.98033E-02    -0.14281E-01
     0.95811E+00    -0.95768E-02    -0.14329E-01    -0.93368E-02    -0.14447E-01
     0.98042E+00    -0.91916E-02    -0.14436E-01    -0.89208E-02    -0.14569E-01
     0.10004E+01    -0.88745E-02    -0.14492E-01    -0.85788E-02    -0.14638E-01
     0.10185E+01    -0.85801E-02    -0.14545E-01    -0.82628E-02    -0.14702E-01
     0.10344E+01    -0.83426E-02    -0.14566E-01    -0.80086E-02    -0.14732E-01
     0.10476E+01    -0.81099E-02    -0.14615E-01    -0.77588E-02    -0.14789E-01
     0.10539E+01    -0.11251E-01    -0.11527E-01    -0.11237E-01    -0.11534E-01
     0.10653E+01    -0.10913E-01    -0.11742E-01    -0.10870E-01    -0.11763E-01
     0.10824E+01    -0.10412E-01    -0.12046E-01    -0.10325E-01    -0.12088E-01
     0.11050E+01    -0.97779E-02    -0.12398E-01    -0.96376E-02    -0.12467E-01
     0.11300E+01    -0.91768E-02    -0.12674E-01    -0.89874E-02    -0.12767E-01
     0.11556E+01    -0.86159E-02    -0.12889E-01    -0.83820E-02    -0.13005E-01
     0.11800E+01    -0.81331E-02    -0.13038E-01    -0.78621E-02    -0.13172E-01
     0.12023E+01    -0.77158E-02    -0.13144E-01    -0.74137E-02    -0.13293E-01
     0.12223E+01    -0.73833E-02    -0.13199E-01    -0.70579E-02    -0.13361E-01
     0.12404E+01    -0.70748E-02    -0.13251E-01    -0.67279E-02    -0.13424E-01
     0.12562E+01    -0.68310E-02    -0.13274E-01    -0.64684E-02    -0.13454E-01
     0.12695E+01    -0.65900E-02    -0.13319E-01    -0.62110E-02    -0.13508E-01
     0.12758E+01    -0.10370E-01    -0.10386E-01    -0.10370E-01    -0.10385E-01
     0.12872E+01    -0.99873E-02    -0.10584E-01    -0.99549E-02    -0.10599E-01
     0.13043E+01    -0.94263E-02    -0.10862E-01    -0.93464E-02    -0.10902E-01
     0.13268E+01    -0.87310E-02    -0.11183E-01    -0.85930E-02    -0.11251E-01
     0.13519E+01    -0.80834E-02    -0.11435E-01    -0.78933E-02    -0.11529E-01
     0.13775E+01    -0.74907E-02    -0.11630E-01    -0.72544E-02    -0.11747E-01
     0.14019E+01    -0.69890E-02    -0.11763E-01    -0.67151E-02    -0.11899E-01
     0.14242E+01    -0.65619E-02    -0.11857E-01    -0.62573E-02    -0.12009E-01
     0.14442E+01    -0.62265E-02    -0.11905E-01    -0.58993E-02    -0.12068E-01
     0.14623E+01    -0.59196E-02    -0.11947E-01    -0.55722E-02    -0.12120E-01
     0.14781E+01    -0.56797E-02    -0.11964E-01    -0.53177E-02    -0.12144E-01
     0.14914E+01    -0.54428E-02    -0.11999E-01    -0.50658E-02    -0.12188E-01
     0.14964E+01    -0.94793E-02    -0.93708E-02    -0.94869E-02    -0.93669E-02
     0.15055E+01    -0.91410E-02    -0.95232E-02    -0.91203E-02    -0.95333E-02
     0.15197E+01    -0.85990E-02    -0.97650E-02    -0.85330E-02    -0.97977E-02
     0.15385E+01    -0.79512E-02    -0.10033E-01    -0.78319E-02    -0.10092E-01
     0.15592E+01    -0.73776E-02    -0.10234E-01    -0.72129E-02    -0.10315E-01
     0.15801E+01    -0.68822E-02    -0.10379E-01    -0.66795E-02    -0.10479E-01
     0.15996E+01    -0.64731E-02    -0.10476E-01    -0.62402E-02    -0.10592E-01
     0.16172E+01    -0.61439E-02    -0.10537E-01    -0.58877E-02    -0.10664E-01
     0.16325E+01    -0.58850E-02    -0.10571E-01    -0.56112E-02    -0.10708E-01
     0.16467E+01    -0.56649E-02    -0.10591E-01    -0.53768E-02    -0.10734E-01
     0.16595E+01    -0.54741E-02    -0.10602E-01    -0.51741E-02    -0.10752E-01
     0.16715E+01    -0.52721E-02    -0.10625E-01    -0.49591E-02    -0.10781E-01
     0.16825E+01    -0.50859E-02    -0.10646E-01    -0.47613E-02    -0.10808E-01
     0.16927E+01    -0.48708E-02    -0.10688E-01    -0.45319E-02    -0.10857E-01
     0.17014E+01    -0.46468E-02    -0.10746E-01    -0.42925E-02    -0.10923E-01
     0.17064E+01    -0.85570E-02    -0.85540E-02    -0.85583E-02    -0.85533E-02
     0.17155E+01    -0.82345E-02    -0.86751E-02    -0.82100E-02    -0.86872E-02
     0.17296E+01    -0.77199E-02    -0.88662E-02    -0.76545E-02    -0.88988E-02
     0.17485E+01    -0.71049E-02    -0.90764E-02    -0.69914E-02    -0.91330E-02
     0.17692E+01    -0.65575E-02    -0.92314E-02    -0.64029E-02    -0.93086E-02
     0.17900E+01    -0.60837E-02    -0.93413E-02    -0.58947E-02    -0.94357E-02
     0.18096E+01    -0.56915E-02    -0.94126E-02    -0.54753E-02    -0.95207E-02
     0.18272E+01    -0.53753E-02    -0.94548E-02    -0.51379E-02    -0.95735E-02
     0.18425E+01    -0.51260E-02    -0.94762E-02    -0.48727E-02    -0.96029E-02
     0.18566E+01    -0.49150E-02    -0.94853E-02    -0.46490E-02    -0.96184E-02
     0.18694E+01    -0.47327E-02    -0.94881E-02    -0.44561E-02    -0.96265E-02
     0.18815E+01    -0.45424E-02    -0.94989E-02    -0.42546E-02    -0.96428E-02
     0.18925E+01    -0.43677E-02    -0.95078E-02    -0.40698E-02    -0.96568E-02
     0.19027E+01    -0.41680E-02    -0.95335E-02    -0.38581E-02    -0.96885E-02
     0.19114E+01    -0.39609E-02    -0.95718E-02    -0.36377E-02    -0.97334E-02
     0.19164E+01    -0.76186E-02    -0.78406E-02    -0.76064E-02    -0.78467E-02
     0.19254E+01    -0.73222E-02    -0.79291E-02    -0.72879E-02    -0.79464E-02
     0.19396E+01    -0.68503E-02    -0.80679E-02    -0.67809E-02    -0.81027E-02
     0.19585E+01    -0.62845E-02    -0.82183E-02    -0.61741E-02    -0.82737E-02
     0.19792E+01    -0.57764E-02    -0.83257E-02    -0.56305E-02    -0.83989E-02
     0.20000E+01    -0.53337E-02    -0.83982E-02    -0.51581E-02    -0.84863E-02
     0.20196E+01    -0.49654E-02    -0.84413E-02    -0.47661E-02    -0.85412E-02
     0.20372E+01    -0.46667E-02    -0.84631E-02    -0.44491E-02    -0.85721E-02
     0.20525E+01    -0.44297E-02    -0.84702E-02    -0.41983E-02    -0.85861E-02
     0.20666E+01    -0.42293E-02    -0.84680E-02    -0.39869E-02    -0.85895E-02
     0.20794E+01    -0.40560E-02    -0.84616E-02    -0.38045E-02    -0.85876E-02
     0.20914E+01    -0.38774E-02    -0.84607E-02    -0.36164E-02    -0.85914E-02
     0.21025E+01    -0.37135E-02    -0.84589E-02    -0.34441E-02    -0.85938E-02
     0.21127E+01    -0.35286E-02    -0.84694E-02    -0.32491E-02    -0.86093E-02
     0.21213E+01    -0.33375E-02    -0.84900E-02    -0.30471E-02    -0.86354E-02
     0.63157E-02    -0.15199E-01    -0.18969E-01    -0.15195E-01    -0.18969E-01
     0.17666E-01    -0.16098E-01    -0.18981E-01    -0.16092E-01    -0.18980E-01
     0.34741E-01    -0.17264E-01    -0.19015E-01    -0.17254E-01    -0.19013E-01
     0.57325E-01    -0.18446E-01    -0.19076E-01    -0.18434E-01    -0.19074E-01
     0.82386E-01    -0.19137E-01    -0.19113E-01    -0.19125E-01    -0.19111E-01
     0.10801E+00    -0.19474E-01    -0.19134E-01    -0.19462E-01    -0.19131E-01
     0.13237E+00    -0.19511E-01    -0.19127E-01    -0.19500E-01    -0.19124E-01
     0.15468E+00    -0.19399E-01    -0.19105E-01    -0.19390E-01    -0.19102E-01
     0.17464E+00    -0.19161E-01    -0.19056E-01    -0.19153E-01    -0.19053E-01
     0.19278E+00    -0.18960E-01    -0.19022E-01    -0.18953E-01    -0.19020E-01
     0.20862E+00    -0.18715E-01    -0.18972E-01    -0.18709E-01    -0.18970E-01
     0.22189E+00    -0.18569E-01    -0.18955E-01    -0.18563E-01    -0.18954E-01
     0.22820E+00    -0.14319E-01    -0.17162E-01    -0.14308E-01    -0.17166E-01
     0.23955E+00    -0.14770E-01    -0.17297E-01    -0.14758E-01    -0.17300E-01
     0.25663E+00    -0.15329E-01    -0.17499E-01    -0.15315E-01    -0.17501E-01
     0.27921E+00    -0.15844E-01    -0.17742E-01    -0.15828E-01    -0.17744E-01
     0.30427E+00    -0.16063E-01    -0.17911E-01    -0.16045E-01    -0.17913E-01
     0.32990E+00    -0.16075E-01    -0.18025E-01    -0.16054E-01    -0.18028E-01
     0.35426E+00    -0.15933E-01    -0.18074E-01    -0.15909E-01    -0.18080E-01
     0.37657E+00    -0.15727E-01    -0.18088E-01    -0.15697E-01    -0.18096E-01
     0.39653E+00    -0.15479E-01    -0.18054E-01    -0.15445E-01    -0.18066E-01
     0.41467E+00    -0.15255E-01    -0.18037E-01    -0.15216E-01    -0.18052E-01
     0.43051E+00    -0.15032E-01    -0.17993E-01    -0.14988E-01    -0.18012E-01
     0.44378E+00    -0.14864E-01    -0.17991E-01    -0.14815E-01    -0.18013E-01
     0.44879E+00    -0.13448E-01    -0.15456E-01    -0.13416E-01    -0.15471E-01
     0.45785E+00    -0.13546E-01    -0.15658E-01    -0.13512E-01    -0.15673E-01
     0.47204E+00    -0.13661E-01    -0.15992E-01    -0.13621E-01    -0.16009E-01
     0.49089E+00    -0.13699E-01    -0.16361E-01    -0.13651E-01    -0.16380E-01
     0.51162E+00    -0.13609E-01    -0.16604E-01    -0.13553E-01    -0.16627E-01
     0.53243E+00    -0.13442E-01    -0.16750E-01    -0.13377E-01    -0.16778E-01
     0.55198E+00    -0.13243E-01    -0.16817E-01    -0.13169E-01    -0.16849E-01
     0.56958E+00    -0.13044E-01    -0.16827E-01    -0.12962E-01    -0.16863E-01
     0.58492E+00    -0.12863E-01    -0.16799E-01    -0.12774E-01    -0.16840E-01
     0.59904E+00    -0.12694E-01    -0.16766E-01    -0.12599E-01    -0.16811E-01
     0.61183E+00    -0.12539E-01    -0.16734E-01    -0.12439E-01    -0.16781E-01
     0.62386E+00    -0.12386E-01    -0.16743E-01    -0.12278E-01    -0.16795E-01
     0.63491E+00    -0.12241E-01    -0.16756E-01    -0.12126E-01    -0.16811E-01
     0.64508E+00    -0.12090E-01    -0.16826E-01    -0.11967E-01    -0.16885E-01
     0.65375E+00    -0.11946E-01    -0.16924E-01    -0.11815E-01    -0.16988E-01
     0.65948E+00    -0.12608E-01    -0.14268E-01    -0.12547E-01    -0.14297E-01
     0.66975E+00    -0.12386E-01    -0.14797E-01    -0.12296E-01    -0.14838E-01
     0.68449E+00    -0.12057E-01    -0.15411E-01    -0.11930E-01    -0.15470E-01
     0.70303E+00    -0.11625E-01    -0.16032E-01    -0.11451E-01    -0.16113E-01
     0.72330E+00    -0.11160E-01    -0.16515E-01    -0.10938E-01    -0.16619E-01
     0.74381E+00    -0.10707E-01    -0.16846E-01    -0.10439E-01    -0.16973E-01
     0.76341E+00    -0.10332E-01    -0.16985E-01    -0.10029E-01    -0.17128E-01
     0.78157E+00    -0.10088E-01    -0.16983E-01    -0.97606E-02    -0.17136E-01
     0.79769E+00    -0.98905E-02    -0.16805E-01    -0.95565E-02    -0.16967E-01
     0.81079E+00    -0.97557E-02    -0.16691E-01    -0.94125E-02    -0.16859E-01
     0.81580E+00    -0.12112E-01    -0.12958E-01    -0.12070E-01    -0.12978E-01
     0.82487E+00    -0.11877E-01    -0.13203E-01    -0.11811E-01    -0.13234E-01
     0.83906E+00    -0.11480E-01    -0.13599E-01    -0.11373E-01    -0.13650E-01
     0.85790E+00    -0.10978E-01    -0.14035E-01    -0.10822E-01    -0.14111E-01
     0.87863E+00    -0.10522E-01    -0.14336E-01    -0.10322E-01    -0.14433E-01
     0.89945E+00    -0.10119E-01    -0.14533E-01    -0.98823E-02    -0.14649E-01
     0.91900E+00    -0.97850E-02    -0.14644E-01    -0.95182E-02    -0.14775E-01
     0.93659E+00    -0.95182E-02    -0.14692E-01    -0.92286E-02    -0.14835E-01
     0.95194E+00    -0.93130E-02    -0.14698E-01    -0.90065E-02    -0.14849E-01
     0.96606E+00    -0.91326E-02    -0.14691E-01    -0.88115E-02    -0.14849E-01
     0.97885E+00    -0.89715E-02    -0.14680E-01    -0.86373E-02    -0.14846E-01
     0.99088E+00    -0.87834E-02    -0.14707E-01    -0.84327E-02    -0.14881E-01
     0.10019E+01    -0.86064E-02    -0.14734E-01    -0.82402E-02    -0.14916E-01
     0.10121E+01    -0.83901E-02    -0.14812E-01    -0.80043E-02    -0.15004E-01
     0.10208E+01    -0.81633E-02    -0.14918E-01    -0.77561E-02    -0.15121E-01
     0.10271E+01    -0.11284E-01    -0.11744E-01    -0.11258E-01    -0.11757E-01
     0.10384E+01    -0.10904E-01    -0.12008E-01    -0.10840E-01    -0.12039E-01
     0.10555E+01    -0.10340E-01    -0.12379E-01    -0.10221E-01    -0.12438E-01
     0.10781E+01    -0.96346E-02    -0.12805E-01    -0.94469E-02    -0.12897E-01
     0.11032E+01    -0.89894E-02    -0.13122E-01    -0.87425E-02    -0.13244E-01
     0.11288E+01    -0.84071E-02    -0.13355E-01    -0.81088E-02    -0.13502E-01
     0.11531E+01    -0.79279E-02    -0.13497E-01    -0.75895E-02    -0.13664E-01
     0.11755E+01    -0.75286E-02    -0.13583E-01    -0.71585E-02    -0.13767E-01
     0.11954E+01    -0.72297E-02    -0.13607E-01    -0.68381E-02    -0.13802E-01
     0.12136E+01    -0.69491E-02    -0.13633E-01    -0.65374E-02    -0.13838E-01
     0.12294E+01    -0.67400E-02    -0.13625E-01    -0.63149E-02    -0.13837E-01
     0.12427E+01    -0.65198E-02    -0.13653E-01    -0.60790E-02    -0.13873E-01
     0.12498E+01    -0.10335E-01    -0.10621E-01    -0.10318E-01    -0.10629E-01
     0.12629E+01    -0.98107E-02    -0.10917E-01    -0.97435E-02    -0.10950E-01
     0.12820E+01    -0.91170E-02    -0.11280E-01    -0.89840E-02    -0.11346E-01
     0.13068E+01    -0.83007E-02    -0.11672E-01    -0.80921E-02    -0.11775E-01
     0.13340E+01    -0.75686E-02    -0.11962E-01    -0.72954E-02    -0.12097E-01
     0.13617E+01    -0.69127E-02    -0.12176E-01    -0.65841E-02    -0.12339E-01
     0.13879E+01    -0.63586E-02    -0.12322E-01    -0.59857E-02    -0.12507E-01
     0.14118E+01    -0.59146E-02    -0.12405E-01    -0.55087E-02    -0.12607E-01
     0.14328E+01    -0.55931E-02    -0.12427E-01    -0.51661E-02    -0.12640E-01
     0.14514E+01    -0.53263E-02    -0.12433E-01    -0.48832E-02    -0.12654E-01
     0.14661E+01    -0.51675E-02    -0.12402E-01    -0.47171E-02    -0.12626E-01
     0.14718E+01    -0.92081E-02    -0.97193E-02    -0.91775E-02    -0.97343E-02
     0.14821E+01    -0.84926E-02    -0.10108E-01    -0.83926E-02    -0.10157E-01
     0.14968E+01    -0.76204E-02    -0.10556E-01    -0.74373E-02    -0.10647E-01
     0.15153E+01    -0.66901E-02    -0.11000E-01    -0.64202E-02    -0.11134E-01
     0.15356E+01    -0.58733E-02    -0.11347E-01    -0.55301E-02    -0.11518E-01
     0.15561E+01    -0.52003E-02    -0.11592E-01    -0.47997E-02    -0.11791E-01
     0.15757E+01    -0.47293E-02    -0.11713E-01    -0.42923E-02    -0.11930E-01
     0.15939E+01    -0.44420E-02    -0.11731E-01    -0.39870E-02    -0.11958E-01
     0.16100E+01    -0.43062E-02    -0.11675E-01    -0.38472E-02    -0.11904E-01
     0.16231E+01    -0.42231E-02    -0.11614E-01    -0.37634E-02    -0.11843E-01
     0.16281E+01    -0.88444E-02    -0.88801E-02    -0.88433E-02    -0.88806E-02
     0.16372E+01    -0.84684E-02    -0.90393E-02    -0.84337E-02    -0.90565E-02
     0.16514E+01    -0.78669E-02    -0.92913E-02    -0.77786E-02    -0.93353E-02
     0.16702E+01    -0.71604E-02    -0.95654E-02    -0.70104E-02    -0.96401E-02
     0.16909E+01    -0.65608E-02    -0.97581E-02    -0.63607E-02    -0.98579E-02
     0.17118E+01    -0.60641E-02    -0.98864E-02    -0.58243E-02    -0.10006E-01
     0.17313E+01    -0.56725E-02    -0.99612E-02    -0.54031E-02    -0.10096E-01
     0.17489E+01    -0.53724E-02    -0.99970E-02    -0.50817E-02    -0.10142E-01
     0.17642E+01    -0.51486E-02    -0.10006E-01    -0.48430E-02    -0.10159E-01
     0.17784E+01    -0.49628E-02    -0.10003E-01    -0.46457E-02    -0.10162E-01
     0.17912E+01    -0.48025E-02    -0.99953E-02    -0.44760E-02    -0.10158E-01
     0.18032E+01    -0.46211E-02    -0.10003E-01    -0.42831E-02    -0.10172E-01
     0.18142E+01    -0.44536E-02    -0.10010E-01    -0.41052E-02    -0.10184E-01
     0.18244E+01    -0.42469E-02    -0.10041E-01    -0.38844E-02    -0.10223E-01
     0.18331E+01    -0.40276E-02    -0.10089E-01    -0.36494E-02    -0.10278E-01
     0.18381E+01    -0.79152E-02    -0.81220E-02    -0.79031E-02    -0.81281E-02
     0.18472E+01    -0.75686E-02    -0.82421E-02    -0.75274E-02    -0.82627E-02
     0.18613E+01    -0.70155E-02    -0.84309E-02    -0.69283E-02    -0.84746E-02
     0.18802E+01    -0.63646E-02    -0.86339E-02    -0.62244E-02    -0.87040E-02
     0.19009E+01    -0.58070E-02    -0.87734E-02    -0.56235E-02    -0.88652E-02
     0.19217E+01    -0.53415E-02    -0.88627E-02    -0.51237E-02    -0.89718E-02
     0.19413E+01    -0.49714E-02    -0.89110E-02    -0.47277E-02    -0.90330E-02
     0.19589E+01    -0.46851E-02    -0.89302E-02    -0.44226E-02    -0.90616E-02
     0.19742E+01    -0.44692E-02    -0.89299E-02    -0.41935E-02    -0.90680E-02
     0.19883E+01    -0.42899E-02    -0.89199E-02    -0.40041E-02    -0.90630E-02
     0.20011E+01    -0.41355E-02    -0.89065E-02    -0.38414E-02    -0.90538E-02
     0.20132E+01    -0.39646E-02    -0.89041E-02    -0.36608E-02    -0.90561E-02
     0.20242E+01    -0.38071E-02    -0.89012E-02    -0.34947E-02    -0.90576E-02
     0.20344E+01    -0.36163E-02    -0.89168E-02    -0.32923E-02    -0.90790E-02
     0.20431E+01    -0.34149E-02    -0.89452E-02    -0.30780E-02    -0.91139E-02
