      0.000    340.000    344.444    348.889    353.333    357.778    362.222    366.667    371.111    375.556    380.000    380.000    383.889    387.778    391.667    395.556    399.444    403.333    407.222    411.111    415.000    415.000    419.444    423.889    428.333    432.778    437.222    441.667    446.111    450.556    455.000 
      0.006      4.842      4.747      4.657      4.571      4.490      4.413      4.340      4.270      4.204      4.141      3.160      3.111      3.064      3.019      2.976      2.934      2.894      2.856      2.819      2.783      4.342      4.293      4.246      4.201      4.158      4.117      4.078      4.040      4.004      3.970 
      0.018     13.496     13.225     12.969     12.726     12.495     12.276     12.068     11.871     11.683     11.504     11.959     11.788     11.623     11.465     11.313     11.167     11.027     10.892     10.762     10.636     12.258     12.122     11.992     11.867     11.748     11.634     11.526     11.421     11.321     11.226 
      0.035     23.942     23.614     23.304     23.010     22.732     22.469     22.219     21.982     21.757     21.544    -27.588    -27.309    -27.041    -26.784    -26.536    -26.299    -26.070    -25.850    -25.638    -25.434     20.435     20.215     20.005     19.805     19.613     19.430     19.255     19.088     18.928     18.774 
      0.057     37.520     37.113     36.729     36.365     36.022     35.696     35.388     35.097     34.820     34.558    -77.157    -76.314    -75.504    -74.727    -73.979    -73.261    -72.570    -71.905    -71.265    -70.649     30.895     30.568     30.257     29.960     29.676     29.405     29.145     28.897     28.660     28.433 
      0.082     54.113     53.440     52.804     52.201     51.631     51.091     50.580     50.095     49.634     49.198    -82.505    -81.632    -80.794    -79.989    -79.215    -78.470    -77.755    -77.066    -76.403    -75.765     45.442     44.960     44.500     44.060     43.640     43.239     42.855     42.488     42.137     41.801 
      0.108     69.142     68.371     67.643     66.954     66.302     65.685     65.100     64.547     64.022     63.524   -135.365   -133.891   -132.475   -131.115   -129.808   -128.552   -127.343   -126.180   -125.061   -123.983     56.727     56.126     55.552     55.005     54.481     53.981     53.503     53.046     52.608     52.190 
      0.132     84.156     83.144     82.188     81.282     80.425     79.613     78.844     78.114     77.422     76.765   -142.565   -141.035   -139.566   -138.154   -136.798   -135.494   -134.240   -133.033   -131.871   -130.753     69.715     68.969     68.256     67.575     66.925     66.303     65.709     65.140     64.596     64.075 
      0.155     96.970     95.872     94.833     93.850     92.920     92.038     91.203     90.411     89.659     88.946   -188.899   -186.841   -184.864   -182.965   -181.140   -179.385   -177.697   -176.073   -174.510   -173.005     78.817     77.968     77.158     76.384     75.644     74.937     74.260     73.613     72.994     72.401 
      0.175    108.066    106.728    105.461    104.261    103.125    102.047    101.025    100.056     99.136     98.262   -176.268   -174.382   -172.572   -170.832   -169.161   -167.554   -166.008   -164.521   -163.089   -161.711     89.094     88.123     87.195     86.308     85.460     84.650     83.874     83.131     82.421     81.740 
      0.193    114.926    113.558    112.263    111.037    109.875    108.774    107.729    106.737    105.796    104.902   -209.084   -206.818   -204.641   -202.551   -200.541   -198.609   -196.751   -194.963   -193.242   -191.585     92.709     91.690     90.717     89.786     88.896     88.045     87.230     86.450     85.703     84.988 
      0.209    125.795    124.371    123.022    121.745    120.534    119.387    118.298    117.265    116.285    115.353   -255.922   -253.118   -250.424   -247.837   -245.350   -242.959   -240.660   -238.447   -236.318   -234.267    100.308     99.199     98.140     97.127     96.158     95.231     94.343     93.494     92.680     91.901 
      0.222    126.553    124.990    123.510    122.107    120.777    119.515    118.318    117.181    116.100    115.074   -218.175   -215.822   -213.561   -211.390   -209.303   -207.297   -205.368   -203.511   -201.724   -200.003    101.839    100.701     99.613     98.572     97.577     96.624     95.712     94.838     94.001     93.199 
      0.227    128.683    127.114    125.629    124.221    122.887    121.621    120.419    119.279    118.195    117.166   -228.014   -225.547   -223.178   -220.903   -218.716   -216.613   -214.591   -212.645   -210.772   -208.968    103.375    102.222    101.120    100.066     99.057     98.092     97.168     96.283     95.436     94.623 
      0.236    134.193    132.480    130.858    129.321    127.864    126.482    125.170    123.924    122.740    121.615   -211.280   -209.024   -206.857   -204.776   -202.775   -200.852   -199.002   -197.222   -195.509   -193.859    108.486    107.276    106.121    105.015    103.958    102.946    101.977    101.050    100.161     99.310 
    455.000    340.000    344.444    348.889    353.333    357.778    362.222    366.667    371.111    375.556    380.000    380.000    383.889    387.778    391.667    395.556    399.444    403.333    407.222    411.111    415.000    415.000    419.444    423.889    428.333    432.778    437.222    441.667    446.111    450.556    455.000 
      0.005      3.641      3.582      3.526      3.473      3.423      3.376      3.330      3.288      3.247      3.208     -2.223     -2.205     -2.188     -2.172     -2.156     -2.141     -2.126     -2.112     -2.099     -2.086      3.140      3.104      3.069      3.036      3.005      2.975      2.946      2.918      2.892      2.867 
      0.014     10.907     10.682     10.468     10.266     10.074      9.891      9.718      9.554      9.397      9.248     11.338     11.179     11.027     10.881     10.740     10.605     10.475     10.350     10.229     10.113      9.928      9.816      9.710      9.608      9.510      9.417      9.327      9.242      9.160      9.081 
      0.028     19.385     19.131     18.890     18.662     18.446     18.242     18.048     17.864     17.690     17.525    -25.981    -25.712    -25.454    -25.206    -24.967    -24.738    -24.518    -24.305    -24.101    -23.905     16.441     16.265     16.096     15.935     15.782     15.635     15.494     15.360     15.231     15.108 
      0.047     32.220     31.754     31.314     30.897     30.502     30.128     29.773     29.437     29.117     28.814    -27.208    -26.950    -26.703    -26.466    -26.238    -26.018    -25.807    -25.604    -25.409    -25.221     27.854     27.558     27.276     27.006     26.748     26.502     26.266     26.041     25.826     25.620 
      0.068     44.535     43.997     43.487     43.006     42.550     42.118     41.710     41.323     40.956     40.608    -70.801    -70.049    -69.326    -68.632    -67.965    -67.324    -66.707    -66.114    -65.543    -64.992     37.391     37.000     36.627     36.271     35.930     35.605     35.295     34.998     34.714     34.443 
      0.089     56.727     56.119     55.546     55.003     54.490     54.005     53.545     53.110     52.698     52.308   -116.720   -115.444   -114.219   -113.042   -111.911   -110.823   -109.777   -108.771   -107.802   -106.869     46.503     46.017     45.554     45.112     44.689     44.286     43.901     43.532     43.180     42.843 
      0.108     69.802     68.974     68.192     67.451     66.750     66.086     65.457     64.861     64.296     63.759   -119.725   -118.439   -117.205   -116.020   -114.880   -113.785   -112.731   -111.717   -110.741   -109.801     57.967     57.352     56.766     56.205     55.670     55.159     54.670     54.202     53.755     53.327 
      0.126     79.928     79.049     78.218     77.432     76.687     75.983     75.315     74.682     74.081     73.512   -163.063   -161.280   -159.567   -157.921   -156.340   -154.819   -153.357   -151.950   -150.595   -149.291     64.707     64.014     63.353     62.721     62.118     61.541     60.989     60.461     59.956     59.473 
      0.141     89.439     88.323     87.266     86.265     85.317     84.418     83.566     82.757     81.989     81.260   -143.233   -141.705   -140.238   -138.829   -137.475   -136.173   -134.921   -133.716   -132.556   -131.439     74.006     73.199     72.428     71.691     70.987     70.313     69.668     69.051     68.461     67.895 
      0.155     95.155     94.031     92.967     91.960     91.005     90.099     89.241     88.425     87.651     86.916   -177.540   -175.612   -173.760   -171.981   -170.272   -168.628   -167.047   -165.526   -164.061   -162.651     76.631     75.785     74.977     74.205     73.466     72.759     72.082     71.435     70.814     70.220 
      0.168    103.392    102.052    100.783     99.580     98.440     97.358     96.332     95.356     94.430     93.549   -158.182   -156.503   -154.890   -153.341   -151.852   -150.421   -149.044   -147.719   -146.444   -145.216     85.239     84.286     83.374     82.503     81.669     80.871     80.107     79.375     78.674     78.002 
      0.180    108.620    107.278    106.007    104.803    103.661    102.577    101.548    100.571     99.642     98.759   -191.362   -189.295   -187.310   -185.403   -183.570   -181.808   -180.113   -178.482   -176.912   -175.401     87.648     86.659     85.714     84.809     83.944     83.116     82.322     81.562     80.834     80.136 
      0.191    117.872    116.504    115.208    113.980    112.815    111.711    110.662    109.666    108.719    107.819   -238.956   -236.339   -233.826   -231.411   -229.091   -226.860   -224.714   -222.649   -220.662   -218.748     93.963     92.899     91.882     90.909     89.977     89.086     88.232     87.413     86.629     85.877 
      0.201    120.242    118.719    117.276    115.907    114.609    113.377    112.207    111.096    110.039    109.033   -204.569   -202.368   -200.253   -198.222   -196.269   -194.392   -192.587   -190.849   -189.177   -187.567     97.237     96.126     95.064     94.048     93.075     92.143     91.250     90.395     89.575     88.788 
      0.210    124.358    122.871    121.462    120.126    118.859    117.656    116.514    115.429    114.397    113.416   -241.448   -238.812   -236.280   -233.848   -231.510   -229.263   -227.101   -225.021   -223.019   -221.092     98.500     97.373     96.295     95.263     94.275     93.329     92.423     91.555     90.722     89.923 
      0.217    127.851    126.335    124.898    123.536    122.244    121.018    119.854    118.748    117.696    116.696   -251.304   -248.557   -245.919   -243.385   -240.949   -238.608   -236.355   -234.188   -232.102   -230.094    101.167    100.012     98.908     97.851     96.839     95.870     94.942     94.052     93.200     92.382 
      0.230    135.601    133.911    132.310    130.792    129.352    127.986    126.688    125.455    124.283    123.168   -237.660   -235.090   -232.623   -230.253   -227.975   -225.785   -223.678   -221.651   -219.700   -217.821    108.074    106.843    105.666    104.539    103.461    102.429    101.441    100.493     99.585     98.714 
      0.249    143.717    142.002    140.378    138.838    137.379    135.994    134.679    133.430    132.243    131.115   -274.342   -271.352   -268.481   -265.722   -263.071   -260.521   -258.069   -255.710   -253.440   -251.253    113.867    112.580    111.348    110.170    109.043    107.963    106.930    105.940    104.991    104.081 
      0.274    155.602    153.680    151.860    150.135    148.500    146.948    145.475    144.076    142.746    141.483   -272.211   -269.270   -266.445   -263.731   -261.123   -258.616   -256.204   -253.883   -251.650   -249.499    124.045    122.649    121.314    120.037    118.816    117.646    116.526    115.454    114.426    113.441 
      0.301    166.378    164.399    162.526    160.750    159.068    157.471    155.957    154.519    153.153    151.854   -313.006   -309.600   -306.329   -303.186   -300.166   -297.262   -294.468   -291.781   -289.194   -286.703    131.876    130.401    128.992    127.644    126.354    125.120    123.939    122.808    121.724    120.685 
      0.329    177.297    175.269    173.349    171.530    169.807    168.173    166.623    165.151    163.754    162.426   -357.385   -353.471   -349.712   -346.101   -342.630   -339.292   -336.083   -332.994   -330.021   -327.159    139.429    137.879    136.397    134.981    133.626    132.329    131.088    129.899    128.761    127.671 
      0.355    188.432    186.207    184.101    182.106    180.215    178.422    176.721    175.107    173.574    172.117   -354.444   -350.586   -346.882   -343.322   -339.902   -336.613   -333.449   -330.406   -327.476   -324.655    148.829    147.178    145.601    144.093    142.651    141.271    139.950    138.686    137.475    136.314 
      0.379    187.209    185.079    183.063    181.155    179.346    177.632    176.006    174.463    172.999    171.608   -374.893   -370.785   -366.840   -363.050   -359.407   -355.904   -352.536   -349.294   -346.174   -343.170    144.941    143.343    141.816    140.357    138.961    137.626    136.349    135.126    133.955    132.834 
      0.400    193.044    190.728    188.536    186.460    184.493    182.627    180.858    179.179    177.585    176.071   -345.150   -341.408   -337.815   -334.363   -331.045   -327.855   -324.787   -321.835   -318.993   -316.257    151.028    149.365    147.776    146.257    144.805    143.416    142.086    140.814    139.596    138.429 
      0.419    180.645    178.551    176.571    174.695    172.918    171.234    169.637    168.122    166.684    165.318   -342.662   -338.920   -335.326   -331.873   -328.555   -325.365   -322.296   -319.344   -316.502   -313.765    137.667    136.161    134.723    133.349    132.035    130.778    129.576    128.426    127.325    126.271 
      0.433    189.708    187.398    185.212    183.143    181.182    179.323    177.560    175.887    174.299    172.791   -322.218   -318.740   -315.401   -312.192   -309.108   -306.143   -303.292   -300.548   -297.906   -295.363    147.416    145.805    144.266    142.796    141.390    140.046    138.760    137.529    136.351    135.223 
      0.441    191.282    189.012    186.864    184.831    182.905    181.079    179.348    177.705    176.146    174.666   -343.865   -340.132   -336.548   -333.105   -329.795   -326.614   -323.553   -320.608   -317.774   -315.045    148.164    146.548    145.005    143.530    142.120    140.772    139.483    138.249    137.068    135.938 
      0.454    197.270    194.845    192.551    190.378    188.319    186.368    184.517    182.761    181.094    179.511   -326.400   -322.888   -319.515   -316.274   -313.159   -310.165   -307.285   -304.513   -301.846   -299.277    153.652    151.975    150.374    148.844    147.381    145.982    144.644    143.364    142.139    140.966 
    455.000    340.000    344.444    348.889    353.333    357.778    362.222    366.667    371.111    375.556    380.000    380.000    383.889    387.778    391.667    395.556    399.444    403.333    407.222    411.111    415.000    415.000    419.444    423.889    428.333    432.778    437.222    441.667    446.111    450.556    455.000 
      0.007      4.697      4.648      4.601      4.557      4.515      4.476      4.439      4.404      4.371      4.339     -9.723     -9.618     -9.517     -9.421     -9.328     -9.238     -9.152     -9.070     -8.990     -8.913      3.918      3.878      3.840      3.804      3.770      3.737      3.706      3.676      3.647      3.620 
      0.020     14.504     14.268     14.045     13.833     13.633     13.444     13.264     13.094     12.932     12.779     -2.130     -2.136     -2.141     -2.146     -2.151     -2.156     -2.161     -2.165     -2.169     -2.174     12.848     12.714     12.587     12.465     12.349     12.238     12.132     12.031     11.934     11.842 
      0.039     26.160     25.867     25.590     25.329     25.082     24.849     24.628     24.419     24.221     24.034    -47.594    -47.081    -46.589    -46.116    -45.661    -45.224    -44.804    -44.399    -44.010    -43.635     21.891     21.668     21.455     21.252     21.058     20.873     20.696     20.527     20.366     20.212 
      0.064     42.775     42.216     41.689     41.190     40.717     40.270     39.846     39.444     39.064     38.703    -53.489    -52.940    -52.412    -51.905    -51.418    -50.950    -50.500    -50.066    -49.649    -49.248     36.460     36.080     35.717     35.371     35.041     34.725     34.424     34.136     33.860     33.597 
      0.091     59.019     58.344     57.705     57.102     56.531     55.991     55.479     54.994     54.535     54.100   -106.729   -105.577   -104.471   -103.408   -102.386   -101.404   -100.460    -99.551    -98.676    -97.834     48.953     48.441     47.953     47.487     47.042     46.617     46.211     45.822     45.451     45.096 
      0.119     76.148     75.202     74.308     73.462     72.660     71.902     71.183     70.501     69.855     69.242   -115.631   -114.407   -113.232   -112.103   -111.018   -109.975   -108.972   -108.006   -107.077   -106.182     63.800     63.125     62.480     61.864     61.276     60.714     60.177     59.663     59.172     58.701 
      0.145     91.408     90.364     89.376     88.441     87.556     86.719     85.925     85.173     84.460     83.783   -170.628   -168.778   -167.001   -165.293   -163.653   -162.075   -160.558   -159.098   -157.693   -156.340     74.960     74.164     73.403     72.677     71.984     71.321     70.687     70.080     69.501     68.946 
      0.169    104.855    103.708    102.624    101.599    100.628     99.709     98.838     98.012     97.230     96.487   -215.632   -213.270   -211.002   -208.823   -206.729   -204.715   -202.779   -200.915   -199.122   -197.395     84.735     83.829     82.964     82.138     81.348     80.593     79.872     79.181     78.521     77.888 
      0.190    114.696    113.329    112.036    110.812    109.653    108.554    107.512    106.524    105.587    104.696   -202.353   -200.168   -198.070   -196.055   -194.118   -192.256   -190.465   -188.741   -187.082   -185.485     93.428     92.417     91.450     90.527     89.645     88.801     87.993     87.221     86.482     85.774 
      0.209    120.312    118.948    117.657    116.435    115.277    114.179    113.139    112.152    111.214    110.325   -239.147   -236.530   -234.017   -231.603   -229.282   -227.051   -224.905   -222.841   -220.853   -218.940     95.148     94.108     93.114     92.164     91.255     90.386     89.555     88.759     87.997     87.267 
      0.223    126.968    125.389    123.894    122.477    121.135    119.861    118.653    117.506    116.417    115.382   -211.181   -208.913   -206.735   -204.643   -202.632   -200.698   -198.839   -197.049   -195.327   -193.669    102.810    101.672    100.584     99.543     98.548     97.596     96.685     95.812     94.977     94.176 
      0.231    129.679    128.116    126.636    125.235    123.906    122.647    121.452    120.318    119.241    118.218   -231.375   -228.872   -226.468   -224.159   -221.939   -219.805   -217.752   -215.777   -213.877   -212.046    104.560    103.406    102.303    101.248    100.239     99.274     98.350     97.466     96.619     95.808 
      0.244    137.270    135.526    133.875    132.311    130.828    129.423    128.089    126.822    125.620    124.477   -214.249   -211.965   -209.771   -207.664   -205.639   -203.692   -201.819   -200.017   -198.282   -196.612    111.448    110.218    109.043    107.919    106.845    105.817    104.833    103.891    102.988    102.124 
    455.000    340.000    344.444    348.889    353.333    357.778    362.222    366.667    371.111    375.556    380.000    380.000    383.889    387.778    391.667    395.556    399.444    403.333    407.222    411.111    415.000    415.000    419.444    423.889    428.333    432.778    437.222    441.667    446.111    450.556    455.000 
      0.007      4.709      4.659      4.611      4.567      4.524      4.485      4.447      4.411      4.377      4.345     -9.742     -9.637     -9.536     -9.439     -9.346     -9.257     -9.170     -9.088     -9.008     -8.931      3.924      3.883      3.845      3.808      3.773      3.740      3.708      3.678      3.649      3.621 
      0.020     14.635     14.393     14.163     13.947     13.741     13.546     13.362     13.187     13.020     12.862     -1.405     -1.419     -1.433     -1.447     -1.460     -1.472     -1.484     -1.495     -1.506     -1.517     12.969     12.832     12.702     12.578     12.459     12.346     12.237     12.134     12.035     11.940 
      0.039     26.321     26.022     25.739     25.472     25.219     24.980     24.754     24.540     24.337     24.145    -47.629    -47.116    -46.624    -46.151    -45.697    -45.260    -44.839    -44.435    -44.045    -43.671     22.006     21.779     21.561     21.354     21.156     20.967     20.786     20.613     20.448     20.291 
      0.064     43.003     42.433     41.895     41.385     40.903     40.446     40.012     39.602     39.212     38.842    -53.221    -52.676    -52.152    -51.648    -51.165    -50.700    -50.253    -49.822    -49.408    -49.009     36.621     36.234     35.864     35.511     35.174     34.852     34.544     34.250     33.968     33.699 
      0.091     59.285     58.596     57.945     57.330     56.747     56.195     55.672     55.176     54.706     54.261   -106.930   -105.777   -104.669   -103.605   -102.582   -101.599   -100.653    -99.743    -98.867    -98.023     49.112     48.591     48.094     47.619     47.165     46.732     46.317     45.921     45.542     45.179 
      0.119     76.435     75.474     74.564     73.703     72.888     72.115     71.383     70.688     70.029     69.404   -115.795   -114.570   -113.394   -112.264   -111.179   -110.135   -109.130   -108.164   -107.234   -106.339     63.962     63.275     62.620     61.994     61.395     60.823     60.276     59.752     59.251     58.772 
      0.145     91.750     90.686     89.680     88.728     87.826     86.972     86.163     85.395     84.667     83.976   -170.583   -168.735   -166.960   -165.255   -163.616   -162.040   -160.524   -159.066   -157.662   -156.310     75.137     74.328     73.555     72.817     72.112     71.437     70.792     70.175     69.585     69.019 
      0.169    105.235    104.070    102.967    101.924    100.937    100.001     99.114     98.273     97.475     96.717   -216.259   -213.892   -211.619   -209.434   -207.335   -205.317   -203.376   -201.508   -199.710   -197.979     84.938     84.018     83.140     82.300     81.498     80.730     79.996     79.294     78.621     77.978 
      0.190    113.351    111.978    110.677    109.446    108.279    107.173    106.124    105.128    104.183    103.285   -197.247   -195.121   -193.080   -191.118   -189.233   -187.421   -185.677   -184.000   -182.385   -180.831     92.001     90.992     90.028     89.106     88.225     87.381     86.575     85.802     85.063     84.355 
      0.209    115.612    114.280    113.018    111.823    110.690    109.616    108.597    107.630    106.711    105.838   -227.805   -225.313   -222.920   -220.620   -218.411   -216.286   -214.243   -212.276   -210.384   -208.561     90.352     89.349     88.391     87.475     86.598     85.759     84.956     84.187     83.451     82.745 
      0.223    123.835    122.264    120.775    119.365    118.027    116.758    115.553    114.408    113.321    112.287   -201.743   -199.581   -197.506   -195.511   -193.595   -191.752   -189.980   -188.274   -186.633   -185.052     99.882     98.760     97.687     96.660     95.678     94.738     93.837     92.975     92.149     91.357 
      0.230    126.174    124.625    123.158    121.768    120.449    119.199    118.012    116.885    115.814    114.796   -222.079   -219.680   -217.376   -215.163   -213.036   -210.990   -209.023   -207.130   -205.308   -203.554    101.328    100.192     99.107     98.068     97.075     96.124     95.213     94.341     93.506     92.705 
      0.241    130.395    128.874    127.435    126.071    124.778    123.552    122.389    121.284    120.235    119.239   -254.668   -251.889   -249.220   -246.656   -244.192   -241.823   -239.544   -237.351   -235.240   -233.208    103.966    102.807    101.698    100.638     99.625     98.654     97.725     96.836     95.984     95.167 
      0.258    139.871    138.151    136.523    134.980    133.518    132.131    130.815    129.566    128.379    127.252   -241.752   -239.145   -236.642   -234.238   -231.926   -229.704   -227.567   -225.511   -223.531   -221.625    112.391    111.141    109.946    108.803    107.710    106.664    105.663    104.705    103.787    102.907 
      0.281    149.172    147.425    145.772    144.206    142.722    141.315    139.980    138.713    137.510    136.368   -284.633   -281.533   -278.557   -275.698   -272.949   -270.307   -267.766   -265.320   -262.967   -260.700    118.964    117.649    116.391    115.189    114.039    112.939    111.886    110.878    109.913    108.988 
      0.306    161.190    159.217    157.350    155.581    153.905    152.316    150.808    149.377    148.017    146.726   -278.400   -275.399   -272.517   -269.748   -267.086   -264.528   -262.067   -259.699   -257.419   -255.225    129.403    127.973    126.606    125.299    124.049    122.853    121.709    120.613    119.564    118.559 
    455.000    340.000    344.444    348.889    353.333    357.778    362.222    366.667    371.111    375.556    380.000    380.000    383.889    387.778    391.667    395.556    399.444    403.333    407.222    411.111    415.000    415.000    419.444    423.889    428.333    432.778    437.222    441.667    446.111    450.556    455.000 
      0.007      4.700      4.650      4.603      4.559      4.517      4.478      4.441      4.405      4.372      4.341     -9.727     -9.622     -9.521     -9.425     -9.332     -9.242     -9.156     -9.073     -8.994     -8.917      3.919      3.879      3.841      3.805      3.771      3.738      3.706      3.676      3.647      3.620 
      0.020     14.535     14.298     14.073     13.861     13.659     13.469     13.288     13.116     12.953     12.799     -1.954     -1.962     -1.969     -1.976     -1.983     -1.990     -1.996     -2.002     -2.008     -2.014     12.877     12.743     12.614     12.492     12.375     12.264     12.158     12.056     11.959     11.866 
      0.039     26.199     25.905     25.627     25.364     25.116     24.881     24.659     24.449     24.250     24.061    -47.602    -47.089    -46.596    -46.123    -45.669    -45.232    -44.811    -44.407    -44.017    -43.643     21.920     21.695     21.481     21.277     21.082     20.896     20.718     20.548     20.386     20.231 
      0.064     42.831     42.270     41.740     41.238     40.763     40.313     39.887     39.483     39.101     38.737    -53.424    -52.876    -52.349    -51.843    -51.357    -50.889    -50.440    -50.007    -49.591    -49.190     36.500     36.118     35.754     35.406     35.074     34.757     34.454     34.164     33.887     33.622 
      0.091     59.085     58.407     57.765     57.159     56.585     56.042     55.528     55.040     54.579     54.141   -106.778   -105.626   -104.519   -103.456   -102.434   -101.451   -100.506    -99.597    -98.722    -97.879     48.993     48.479     47.989     47.521     47.074     46.646     46.238     45.848     45.475     45.118 
      0.119     76.219     75.270     74.372     73.522     72.717     71.955     71.233     70.549     69.899     69.283   -115.671   -114.447   -113.272   -112.142   -111.057   -110.014   -109.010   -108.044   -107.115   -106.220     63.841     63.163     62.516     61.897     61.307     60.742     60.203     59.686     59.193     58.720 
      0.145     91.499     90.450     89.457     88.519     87.630     86.788     85.991     85.235     84.518     83.838   -170.630   -168.779   -167.003   -165.296   -163.655   -162.078   -160.561   -159.101   -157.697   -156.344     75.011     74.211     73.448     72.719     72.023     71.357     70.720     70.111     69.529     68.971 
      0.169    104.947    103.796    102.707    101.678    100.703     99.779     98.905     98.075     97.289     96.543   -215.775   -213.412   -211.142   -208.962   -206.867   -204.852   -202.915   -201.050   -199.256   -197.528     84.784     83.875     83.007     82.177     81.384     80.626     79.902     79.208     78.545     77.910 
      0.190    114.420    113.051    111.755    110.529    109.367    108.266    107.222    106.231    105.291    104.399   -201.213   -199.041   -196.956   -194.953   -193.027   -191.176   -189.395   -187.682   -186.033   -184.446     93.126     92.114     91.148     90.225     89.342     88.498     87.690     86.917     86.177     85.469 
      0.209    119.279    117.921    116.636    115.419    114.266    113.173    112.136    111.152    110.218    109.331   -236.611   -234.022   -231.535   -229.147   -226.851   -224.643   -222.520   -220.478   -218.512   -216.618     94.077     93.045     92.058     91.115     90.213     89.350     88.524     87.734     86.977     86.252 
      0.223    126.267    124.689    123.194    121.778    120.435    119.162    117.954    116.806    115.717    114.681   -208.996   -206.753   -204.598   -202.528   -200.539   -198.627   -196.787   -195.017   -193.314   -191.673    102.144    101.009     99.923     98.886     97.893     96.943     96.033     95.163     94.328     93.529 
      0.231    128.996    127.433    125.954    124.553    123.225    121.965    120.770    119.636    118.558    117.535   -229.365   -226.884   -224.502   -222.213   -220.013   -217.899   -215.865   -213.907   -212.024   -210.210    103.908    102.756    101.655    100.603     99.596     98.633     97.711     96.828     95.982     95.172 
      0.244    136.635    134.891    133.239    131.674    130.191    128.784    127.449    126.182    124.978    123.834   -212.246   -209.984   -207.812   -205.725   -203.720   -201.792   -199.938   -198.153   -196.436   -194.782    110.841    109.613    108.439    107.317    106.244    105.217    104.234    103.293    102.392    101.528 
    455.000    340.000    344.444    348.889    353.333    357.778    362.222    366.667    371.111    375.556    380.000    380.000    383.889    387.778    391.667    395.556    399.444    403.333    407.222    411.111    415.000    415.000    419.444    423.889    428.333    432.778    437.222    441.667    446.111    450.556    455.000 
      0.006      4.795      4.702      4.614      4.531      4.452      4.377      4.306      4.238      4.174      4.113      2.911      2.865      2.821      2.779      2.738      2.699      2.662      2.625      2.591      2.557      4.302      4.254      4.208      4.165      4.123      4.083      4.045      4.008      3.973      3.939 
      0.018     13.401     13.136     12.885     12.646     12.420     12.206     12.002     11.809     11.625     11.450     11.518     11.352     11.193     11.040     10.892     10.751     10.615     10.484     10.358     10.237     12.182     12.049     11.921     11.799     11.683     11.572     11.465     11.363     11.266     11.172 
      0.035     23.832     23.510     23.206     22.918     22.645     22.386     22.141     21.909     21.689     21.479    -27.737    -27.456    -27.187    -26.928    -26.678    -26.439    -26.209    -25.987    -25.774    -25.568     20.361     20.145     19.939     19.742     19.554     19.374     19.202     19.038     18.881     18.731 
      0.057     37.444     37.042     36.663     36.304     35.965     35.644     35.341     35.053     34.781     34.523    -77.073    -76.231    -75.422    -74.645    -73.899    -73.181    -72.491    -71.827    -71.187    -70.572     30.864     30.541     30.234     29.940     29.659     29.391     29.136     28.891     28.657     28.433 
      0.082     53.996     53.329     52.699     52.103     51.538     51.004     50.498     50.018     49.563     49.131    -82.533    -81.659    -80.821    -80.015    -79.240    -78.496    -77.779    -77.090    -76.427    -75.788     45.371     44.894     44.437     44.002     43.586     43.188     42.809     42.445     42.098     41.766 
      0.108     69.019     68.255     67.533     66.850     66.204     65.592     65.013     64.464     63.944     63.451   -135.227   -133.754   -132.340   -130.982   -129.676   -128.420   -127.213   -126.051   -124.933   -123.856     56.660     56.064     55.494     54.951     54.432     53.936     53.462     53.008     52.575     52.160 
      0.132     83.997     82.993     82.044     81.146     80.296     79.490     78.727     78.004     77.318     76.667   -142.480   -140.951   -139.483   -138.072   -136.716   -135.413   -134.159   -132.953   -131.792   -130.674     69.619     68.878     68.171     67.496     66.851     66.234     65.644     65.080     64.541     64.024 
      0.155     96.878     95.789     94.758     93.784     92.861     91.987     91.159     90.374     89.629     88.923   -189.112   -187.051   -185.072   -183.170   -181.342   -179.585   -177.895   -176.269   -174.704   -173.197     78.830     77.987     77.182     76.413     75.678     74.976     74.304     73.661     73.046     72.458 
      0.175    108.083    106.754    105.498    104.308    103.181    102.112    101.100    100.139     99.227     98.361   -177.320   -175.422   -173.600   -171.849   -170.167   -168.549   -166.993   -165.496   -164.055   -162.667     89.172     88.207     87.284     86.403     85.561     84.755     83.984     83.247     82.541     81.866 
      0.193    115.712    114.347    113.056    111.833    110.674    109.576    108.535    107.547    106.609    105.719   -211.811   -209.515   -207.309   -205.190   -203.153   -201.195   -199.312   -197.500   -195.756   -194.077     93.573     92.552     91.577     90.645     89.753     88.901     88.086     87.305     86.558     85.842 
      0.209    125.471    124.059    122.724    121.459    120.261    119.125    118.049    117.027    116.057    115.136   -255.420   -252.620   -249.932   -247.350   -244.868   -242.482   -240.187   -237.978   -235.853   -233.806    100.117     99.018     97.969     96.965     96.005     95.087     94.209     93.368     92.563     91.792 
      0.222    127.478    125.917    124.439    123.039    121.712    120.453    119.259    118.125    117.048    116.025   -221.164   -218.777   -216.485   -214.283   -212.167   -210.132   -208.175   -206.292   -204.479   -202.734    102.784    101.644    100.554     99.512     98.516     97.562     96.649     95.774     94.937     94.135 
      0.228    129.899    128.349    126.882    125.492    124.175    122.926    121.741    120.617    119.549    118.534   -237.966   -235.384   -232.904   -230.522   -228.232   -226.031   -223.913   -221.876   -219.915   -218.027    104.376    103.222    102.118    101.063    100.054     99.089     98.165     97.280     96.432     95.620 
      0.240    134.188    132.658    131.209    129.838    128.538    127.306    126.138    125.029    123.977    122.977   -267.762   -264.833   -262.020   -259.318   -256.721   -254.224   -251.822   -249.512   -247.287   -245.146    107.128    105.949    104.822    103.744    102.714    101.728    100.785     99.881     99.017     98.188 
      0.257    143.441    141.722    140.094    138.553    137.093    135.708    134.395    133.149    131.966    130.842   -257.087   -254.304   -251.630   -249.062   -246.594   -244.221   -241.939   -239.743   -237.629   -235.594    115.255    113.988    112.777    111.620    110.513    109.455    108.441    107.472    106.543    105.654 
      0.279    152.591    150.843    149.188    147.622    146.139    144.733    143.400    142.135    140.935    139.796   -298.254   -294.998   -291.870   -288.866   -285.978   -283.202   -280.532   -277.963   -275.490   -273.109    121.713    120.382    119.110    117.895    116.733    115.622    114.559    113.541    112.567    111.634 
      0.304    164.190    162.226    160.367    158.608    156.941    155.361    153.863    152.441    151.092    149.810   -292.295   -289.133   -286.095   -283.178   -280.374   -277.678   -275.084   -272.589   -270.188   -267.876    131.750    130.311    128.936    127.621    126.365    125.163    124.013    122.913    121.860    120.851 
      0.330    174.227    172.218    170.317    168.518    166.813    165.198    163.667    162.215    160.837    159.528   -333.572   -329.936   -326.444   -323.090   -319.866   -316.767   -313.786   -310.918   -308.157   -305.499    138.720    137.210    135.767    134.388    133.070    131.810    130.604    129.450    128.346    127.289 
      0.354    184.710    182.518    180.444    178.480    176.620    174.857    173.186    171.600    170.095    168.667   -332.297   -328.697   -325.240   -321.918   -318.726   -315.658   -312.706   -309.866   -307.132   -304.500    147.606    145.999    144.464    142.998    141.596    140.255    138.972    137.745    136.571    135.446 
      0.377    191.864    189.650    187.555    185.572    183.694    181.915    180.228    178.629    177.111    175.670   -364.597   -360.624   -356.810   -353.145   -349.622   -346.236   -342.979   -339.845   -336.829   -333.924    152.016    150.366    148.790    147.284    145.844    144.468    143.151    141.892    140.686    139.532 
      0.397    199.593    197.356    195.239    193.237    191.340    189.544    187.841    186.226    184.694    183.240   -400.043   -395.662   -391.454   -387.413   -383.528   -379.793   -376.201   -372.744   -369.418   -366.214    156.988    155.288    153.664    152.113    150.630    149.213    147.857    146.560    145.318    144.130 
      0.415    197.219    194.903    192.712    190.638    188.674    186.813    185.049    183.376    181.788    180.281   -358.385   -354.494   -350.758   -347.169   -343.719   -340.402   -337.212   -334.143   -331.188   -328.344    155.163    153.485    151.882    150.350    148.886    147.487    146.149    144.869    143.644    142.471 
      0.431    193.804    191.615    189.544    187.584    185.729    183.971    182.305    180.726    179.228    177.807   -378.198   -374.060   -370.086   -366.269   -362.600   -359.073   -355.680   -352.416   -349.273   -346.248    149.608    147.996    146.457    144.988    143.583    142.241    140.957    139.729    138.555    137.430 
      0.444    198.156    195.795    193.561    191.447    189.446    187.549    185.751    184.046    182.429    180.894   -345.296   -341.561   -337.975   -334.529   -331.218   -328.034   -324.971   -322.025   -319.189   -316.458    155.204    153.532    151.936    150.412    148.955    147.562    146.230    144.957    143.738    142.572 
      0.450    199.311    196.991    194.797    192.720    190.754    188.891    187.126    185.453    183.865    182.358   -365.229   -361.259   -357.447   -353.784   -350.264   -346.880   -343.624   -340.492   -337.478   -334.575    155.604    153.930    152.332    150.806    149.348    147.954    146.621    145.347    144.127    142.961 
      0.461    201.990    199.708    197.551    195.509    193.576    191.746    190.012    188.367    186.808    185.328   -392.719   -388.426   -384.304   -380.344   -376.538   -372.879   -369.359   -365.973   -362.713   -359.575    157.005    155.320    153.711    152.174    150.706    149.303    147.961    146.679    145.451    144.277 
      0.479    208.980    206.528    204.210    202.016    199.938    197.971    196.106    194.337    192.660    191.068   -376.371   -372.286   -368.364   -364.597   -360.976   -357.494   -354.145   -350.923   -347.822   -344.836    163.194    161.441    159.766    158.167    156.638    155.178    153.781    152.446    151.168    149.946 
    455.000    340.000    344.444    348.889    353.333    357.778    362.222    366.667    371.111    375.556    380.000    380.000    383.889    387.778    391.667    395.556    399.444    403.333    407.222    411.111    415.000    415.000    419.444    423.889    428.333    432.778    437.222    441.667    446.111    450.556    455.000 
      0.006      4.883      4.786      4.693      4.606      4.523      4.444      4.369      4.298      4.230      4.165      3.369      3.318      3.269      3.221      3.176      3.132      3.090      3.049      3.010      2.973      4.377      4.326      4.278      4.232      4.188      4.146      4.106      4.068      4.031      3.995 
      0.018     13.575     13.300     13.040     12.792     12.558     12.335     12.124     11.923     11.732     11.550     12.331     12.155     11.986     11.824     11.668     11.518     11.374     11.235     11.102     10.973     12.322     12.183     12.051     11.924     11.803     11.687     11.576     11.470     11.368     11.271 
      0.035     24.033     23.701     23.386     23.088     22.805     22.538     22.284     22.043     21.814     21.597    -27.462    -27.184    -26.918    -26.662    -26.416    -26.180    -25.952    -25.734    -25.523    -25.320     20.496     20.273     20.061     19.857     19.663     19.477     19.299     19.129     18.966     18.810 
      0.057     37.584     37.173     36.784     36.417     36.069     35.740     35.428     35.133     34.853     34.587    -77.229    -76.385    -75.575    -74.797    -74.049    -73.329    -72.638    -71.972    -71.332    -70.715     30.921     30.591     30.277     29.977     29.690     29.415     29.153     28.902     28.663     28.433 
      0.082     54.211     53.533     52.891     52.284     51.709     51.164     50.648     50.158     49.694     49.253    -82.482    -81.609    -80.772    -79.967    -79.193    -78.449    -77.734    -77.045    -76.383    -75.745     45.501     45.016     44.552     44.108     43.685     43.280     42.893     42.523     42.169     41.830 
      0.108     69.244     68.468     67.735     67.041     66.384     65.762     65.173     64.615     64.086     63.584   -135.482   -134.006   -132.590   -131.229   -129.921   -128.663   -127.453   -126.290   -125.169   -124.091     56.783     56.178     55.601     55.049     54.522     54.018     53.537     53.076     52.636     52.214 
      0.132     84.288     83.270     82.307     81.396     80.533     79.715     78.940     78.205     77.507     76.845   -142.636   -141.105   -139.636   -138.224   -136.867   -135.563   -134.308   -133.100   -131.938   -130.819     69.794     69.043     68.326     67.641     66.987     66.361     65.762     65.189     64.641     64.117 
      0.155     97.009     95.904     94.859     93.870     92.933     92.046     91.204     90.407     89.650     88.931   -188.638   -186.583   -184.609   -182.713   -180.890   -179.138   -177.453   -175.831   -174.271   -172.768     78.768     77.915     77.101     76.323     75.580     74.869     74.188     73.538     72.915     72.318 
      0.175    108.011    106.664    105.390    104.182    103.038    101.953    100.924     99.948     99.021     98.140   -175.297   -173.423   -171.624   -169.895   -168.233   -166.636   -165.099   -163.621   -162.198   -160.828     88.991     88.016     87.084     86.193     85.341     84.526     83.746     83.000     82.285     81.601 
      0.193    114.136    112.767    111.471    110.243    109.080    107.977    106.930    105.936    104.993    104.097   -206.517   -204.279   -202.130   -200.066   -198.082   -196.174   -194.340   -192.574   -190.875   -189.239     91.867     90.851     89.880     88.952     88.064     87.215     86.402     85.623     84.878     84.163 
      0.209    126.068    124.632    123.272    121.984    120.764    119.606    118.508    117.466    116.476    115.535   -256.350   -253.541   -250.843   -248.251   -245.761   -243.366   -241.063   -238.847   -236.714   -234.660    100.468     99.351     98.283     97.262     96.286     95.351     94.456     93.599     92.779     91.992 
      0.222    125.645    124.081    122.600    121.197    119.866    118.603    117.404    116.266    115.184    114.155   -215.406   -213.083   -210.853   -208.710   -206.651   -204.671   -202.767   -200.935   -199.171   -197.473    100.943     99.808     98.723     97.685     96.691     95.740     94.830     93.958     93.122     92.321 
      0.228    128.103    126.550    125.080    123.687    122.366    121.113    119.924    118.794    117.722    116.702   -232.573   -230.051   -227.629   -225.302   -223.066   -220.916   -218.848   -216.858   -214.943   -213.098    102.566    101.416    100.317     99.265     98.259     97.296     96.374     95.491     94.644     93.833 
      0.240    132.398    130.868    129.419    128.046    126.746    125.512    124.341    123.230    122.175    121.172   -263.456   -260.574   -257.807   -255.148   -252.593   -250.137   -247.774   -245.500   -243.312   -241.205    105.302    104.128    103.004    101.930    100.903     99.919     98.978     98.076     97.213     96.385 
      0.257    141.816    140.092    138.461    136.915    135.449    134.060    132.741    131.489    130.299    129.169   -252.315   -249.584   -246.962   -244.444   -242.023   -239.695   -237.456   -235.302   -233.229   -231.232    113.604    112.340    111.131    109.975    108.869    107.811    106.798    105.828    104.899    104.009 
      0.279    151.033    149.282    147.624    146.054    144.566    143.156    141.818    140.548    139.342    138.197   -294.120   -290.910   -287.826   -284.864   -282.018   -279.281   -276.648   -274.115   -271.677   -269.330    120.123    118.794    117.524    116.309    115.148    114.037    112.974    111.956    110.980    110.046 
      0.304    162.745    160.776    158.913    157.148    155.475    153.889    152.385    150.957    149.601    148.313   -288.189   -285.072   -282.079   -279.204   -276.441   -273.784   -271.228   -268.769   -266.402   -264.123    130.282    128.843    127.468    126.154    124.897    123.695    122.544    121.442    120.387    119.376 
      0.330    172.850    170.837    168.932    167.127    165.418    163.797    162.261    160.802    159.418    158.103   -329.919   -326.324   -322.872   -319.556   -316.368   -313.303   -310.356   -307.520   -304.790   -302.161    137.321    135.811    134.368    132.989    131.670    130.408    129.201    128.046    126.939    125.880 
      0.354    183.412    181.215    179.135    177.166    175.300    173.531    171.853    170.261    168.750    167.314   -328.618   -325.060   -321.642   -318.359   -315.204   -312.170   -309.252   -306.445   -303.742   -301.140    146.296    144.689    143.154    141.686    140.282    138.940    137.656    136.426    135.249    134.122 
      0.377    189.415    187.207    185.119    183.141    181.267    179.492    177.808    176.210    174.694    173.254   -357.836   -353.939   -350.197   -346.602   -343.147   -339.825   -336.630   -333.555   -330.596   -327.747    149.665    148.027    146.462    144.966    143.536    142.168    140.860    139.608    138.409    137.261 
      0.397    198.530    196.287    194.165    192.157    190.254    188.451    186.742    185.120    183.581    182.121   -397.226   -392.877   -388.700   -384.688   -380.832   -377.124   -373.558   -370.126   -366.824   -363.643    155.904    154.202    152.577    151.023    149.538    148.118    146.759    145.459    144.214    143.022 
      0.415    191.053    188.785    186.639    184.607    182.682    180.858    179.128    177.488    175.930    174.452   -342.777   -339.059   -335.489   -332.060   -328.764   -325.594   -322.546   -319.613   -316.790   -314.072    149.610    147.981    146.425    144.938    143.516    142.157    140.857    139.613    138.422    137.283 
      0.431    183.240    181.152    179.178    177.309    175.539    173.862    172.272    170.765    169.334    167.977   -354.291   -350.416   -346.695   -343.119   -339.684   -336.380   -333.203   -330.145   -327.203   -324.369    140.128    138.611    137.162    135.777    134.454    133.189    131.980    130.823    129.716    128.656 
      0.444    191.643    189.336    187.154    185.088    183.131    181.277    179.519    177.852    176.269    174.767   -329.053   -325.498   -322.085   -318.806   -315.654   -312.624   -309.709   -306.905   -304.206   -301.607    149.531    147.913    146.367    144.889    143.478    142.128    140.838    139.603    138.422    137.291 
      0.450    192.879    190.614    188.472    186.445    184.525    182.706    180.982    179.346    177.795    176.322   -349.745   -345.947   -342.299   -338.795   -335.427   -332.188   -329.074   -326.077   -323.193   -320.415    150.006    148.385    146.837    145.358    143.944    142.593    141.301    140.065    138.883    137.751 
      0.461    195.669    193.444    191.340    189.350    187.465    185.679    183.987    182.382    180.860    179.415   -378.241   -374.109   -370.140   -366.328   -362.664   -359.141   -355.753   -352.492   -349.354   -346.332    151.512    149.879    148.319    146.829    145.405    144.044    142.743    141.499    140.308    139.168 
      0.479    202.948    200.550    198.282    196.136    194.103    192.178    190.352    188.621    186.979    185.420   -362.182   -358.255   -354.484   -350.861   -347.380   -344.032   -340.812   -337.714   -334.732   -331.861    157.992    156.287    154.659    153.104    151.618    150.197    148.839    147.540    146.297    145.108 
    455.000    340.000    344.444    348.889    353.333    357.778    362.222    366.667    371.111    375.556    380.000    380.000    383.889    387.778    391.667    395.556    399.444    403.333    407.222    411.111    415.000    415.000    419.444    423.889    428.333    432.778    437.222    441.667    446.111    450.556    455.000 
      0.007      4.708      4.658      4.611      4.566      4.524      4.484      4.446      4.411      4.377      4.345     -9.741     -9.636     -9.535     -9.438     -9.345     -9.255     -9.169     -9.086     -9.007     -8.930      3.923      3.883      3.845      3.808      3.773      3.740      3.708      3.678      3.648      3.621 
      0.020     14.629     14.388     14.159     13.942     13.737     13.542     13.358     13.183     13.017     12.859     -1.431     -1.446     -1.459     -1.472     -1.485     -1.497     -1.509     -1.520     -1.531     -1.541     12.964     12.827     12.697     12.573     12.455     12.341     12.233     12.130     12.031     11.936 
      0.039     26.315     26.016     25.734     25.467     25.214     24.975     24.749     24.535     24.332     24.140    -47.627    -47.114    -46.622    -46.149    -45.695    -45.258    -44.837    -44.433    -44.043    -43.669     22.002     21.774     21.557     21.350     21.152     20.963     20.782     20.610     20.445     20.288 
      0.064     42.995     42.426     41.888     41.378     40.896     40.439     40.007     39.596     39.207     38.837    -53.232    -52.686    -52.162    -51.659    -51.175    -50.710    -50.263    -49.832    -49.418    -49.019     36.616     36.229     35.859     35.507     35.170     34.848     34.540     34.246     33.965     33.696 
      0.091     59.276     58.588     57.938     57.322     56.740     56.188     55.666     55.171     54.701     54.256   -106.925   -105.772   -104.664   -103.600   -102.577   -101.594   -100.648    -99.738    -98.862    -98.018     49.108     48.587     48.090     47.616     47.162     46.729     46.315     45.919     45.540     45.177 
      0.119     76.426     75.465     74.556     73.696     72.881     72.109     71.377     70.683     70.025     69.399   -115.792   -114.567   -113.391   -112.262   -111.176   -110.132   -109.128   -108.161   -107.231   -106.336     63.958     63.272     62.616     61.991     61.392     60.821     60.274     59.751     59.250     58.771 
      0.145     91.739     90.676     89.671     88.720     87.819     86.965     86.156     85.389     84.662     83.971   -170.590   -168.741   -166.966   -165.260   -163.621   -162.045   -160.530   -159.071   -157.667   -156.316     75.133     74.324     73.552     72.815     72.110     71.436     70.791     70.174     69.584     69.019 
      0.169    105.220    104.056    102.954    101.911    100.924     99.989     99.103     98.262     97.465     96.708   -216.232   -213.865   -211.592   -209.408   -207.309   -205.291   -203.350   -201.482   -199.684   -197.953     84.930     84.010     83.132     82.293     81.491     80.724     79.991     79.289     78.617     77.973 
      0.190    113.409    112.035    110.735    109.504    108.337    107.231    106.182    105.186    104.241    103.343   -197.449   -195.321   -193.277   -191.314   -189.426   -187.612   -185.867   -184.187   -182.571   -181.015     92.059     91.050     90.086     89.164     88.282     87.439     86.632     85.859     85.120     84.411 
      0.209    115.803    114.469    113.206    112.009    110.875    109.799    108.779    107.810    106.891    106.017   -228.252   -225.755   -223.357   -221.054   -218.840   -216.711   -214.663   -212.693   -210.797   -208.971     90.542     89.537     88.577     87.659     86.781     85.941     85.136     84.366     83.628     82.921 
      0.223    123.954    122.381    120.892    119.481    118.142    116.872    115.667    114.522    113.434    112.399   -202.087   -199.921   -197.842   -195.844   -193.924   -192.078   -190.302   -188.594   -186.949   -185.365     99.988     98.865     97.791     96.763     95.780     94.839     93.938     93.075     92.248     91.455 
      0.228    125.965    124.398    122.913    121.507    120.173    118.908    117.707    116.567    115.483    114.453   -214.956   -212.641   -210.418   -208.283   -206.230   -204.257   -202.359   -200.532   -198.774   -197.082    101.355    100.218     99.132     98.092     97.098     96.146     95.235     94.362     93.526     92.725 
      0.237    131.591    129.876    128.251    126.712    125.252    123.867    122.552    121.303    120.117    118.988   -197.693   -195.595   -193.580   -191.645   -189.784   -187.996   -186.275   -184.620   -183.027   -181.493    106.593    105.398    104.256    103.164    102.119    101.119    100.162     99.245     98.366     97.524 
    455.000    340.000    344.444    348.889    353.333    357.778    362.222    366.667    371.111    375.556    380.000    380.000    383.889    387.778    391.667    395.556    399.444    403.333    407.222    411.111    415.000    415.000    419.444    423.889    428.333    432.778    437.222    441.667    446.111    450.556    455.000 
      0.007      4.704      4.654      4.607      4.562      4.520      4.481      4.443      4.408      4.374      4.342     -9.733     -9.628     -9.527     -9.430     -9.337     -9.248     -9.161     -9.079     -8.999     -8.922      3.921      3.881      3.843      3.806      3.772      3.738      3.707      3.677      3.648      3.620 
      0.020     14.578     14.339     14.112     13.898     13.695     13.502     13.320     13.146     12.982     12.826     -1.713     -1.724     -1.734     -1.744     -1.754     -1.763     -1.772     -1.780     -1.788     -1.796     12.916     12.781     12.652     12.529     12.412     12.299     12.192     12.089     11.991     11.898 
      0.039     26.253     25.956     25.676     25.412     25.161     24.925     24.701     24.489     24.288     24.098    -47.612    -47.100    -46.607    -46.134    -45.680    -45.243    -44.822    -44.418    -44.028    -43.654     21.958     21.732     21.516     21.311     21.114     20.927     20.748     20.577     20.413     20.257 
      0.064     42.907     42.342     41.808     41.303     40.825     40.372     39.943     39.536     39.150     38.784    -53.336    -52.789    -52.264    -51.759    -51.274    -50.807    -50.359    -49.927    -49.511    -49.111     36.554     36.170     35.803     35.453     35.119     34.800     34.494     34.203     33.924     33.657 
      0.091     59.175     58.492     57.846     57.236     56.658     56.111     55.593     55.102     54.637     54.196   -106.847   -105.694   -104.587   -103.523   -102.501   -101.518   -100.572    -99.663    -98.787    -97.944     49.047     48.531     48.037     47.566     47.116     46.686     46.275     45.882     45.507     45.147 
      0.119     76.316     75.362     74.459     73.604     72.795     72.028     71.302     70.613     69.959     69.339   -115.728   -114.504   -113.328   -112.199   -111.113   -110.069   -109.065   -108.099   -107.170   -106.274     63.896     63.215     62.564     61.942     61.348     60.780     60.237     59.718     59.221     58.746 
      0.145     91.616     90.560     89.562     88.617     87.723     86.876     86.073     85.312     84.590     83.905   -170.621   -168.771   -166.995   -165.288   -163.648   -162.072   -160.555   -159.096   -157.691   -156.339     75.073     74.269     73.502     72.769     72.069     71.399     70.759     70.146     69.560     68.999 
      0.169    105.072    103.915    102.821    101.785    100.804     99.876     98.995     98.161     97.369     96.618   -215.977   -213.612   -211.341   -209.159   -207.062   -205.046   -203.107   -201.241   -199.445   -197.716     84.851     83.937     83.064     82.230     81.433     80.671     79.942     79.245     78.577     77.938 
      0.190    113.988    112.616    111.318    110.089    108.924    107.820    106.773    105.780    104.837    103.942   -199.546   -197.393   -195.326   -193.340   -191.432   -189.597   -187.832   -186.134   -184.499   -182.925     92.664     91.653     90.688     89.764     88.882     88.037     87.230     86.457     85.717     85.008 
      0.209    117.750    116.402    115.125    113.917    112.771    111.685    110.655    109.677    108.749    107.867   -232.902   -230.353   -227.906   -225.555   -223.295   -221.123   -219.033   -217.023   -215.087   -213.224     92.510     91.489     90.514     89.581     88.689     87.836     87.019     86.237     85.489     84.771 
      0.223    125.233    123.656    122.163    120.748    119.407    118.134    116.926    115.779    114.689    113.653   -205.864   -203.656   -201.536   -199.498   -197.541   -195.658   -193.848   -192.105   -190.429   -188.814    101.174    100.043     98.962     97.929     96.940     95.993     95.087     94.219     93.388     92.591 
      0.231    127.983    126.423    124.945    123.545    122.218    120.959    119.765    118.631    117.553    116.529   -226.468   -224.020   -221.669   -219.410   -217.239   -215.152   -213.145   -211.213   -209.354   -207.564    102.954    101.807    100.710     99.661     98.658     97.698     96.778     95.898     95.055     94.247 
      0.244    135.689    133.945    132.294    130.729    129.245    127.838    126.503    125.234    124.030    122.885   -209.361   -207.131   -204.991   -202.934   -200.958   -199.057   -197.230   -195.471   -193.778   -192.148    109.949    108.725    107.554    106.435    105.364    104.340    103.359    102.420    101.520    100.658 
    455.000    340.000    344.444    348.889    353.333    357.778    362.222    366.667    371.111    375.556    380.000    380.000    383.889    387.778    391.667    395.556    399.444    403.333    407.222    411.111    415.000    415.000    419.444    423.889    428.333    432.778    437.222    441.667    446.111    450.556    455.000 
      0.006      4.792      4.699      4.612      4.528      4.450      4.375      4.304      4.236      4.172      4.111      2.897      2.852      2.808      2.766      2.725      2.686      2.649      2.613      2.578      2.545      4.300      4.252      4.206      4.163      4.121      4.081      4.043      4.006      3.971      3.938 
      0.018     13.396     13.131     12.880     12.642     12.416     12.202     11.999     11.805     11.622     11.447     11.494     11.328     11.169     11.016     10.869     10.728     10.592     10.462     10.336     10.215     12.178     12.045     11.917     11.796     11.679     11.568     11.462     11.360     11.262     11.169 
      0.035     23.826     23.505     23.201     22.913     22.640     22.382     22.137     21.905     21.685     21.476    -27.746    -27.465    -27.195    -26.935    -26.686    -26.447    -26.216    -25.995    -25.781    -25.576     20.357     20.141     19.935     19.739     19.551     19.371     19.199     19.035     18.878     18.728 
      0.057     37.439     37.038     36.659     36.301     35.962     35.642     35.338     35.051     34.779     34.521    -77.068    -76.226    -75.418    -74.641    -73.895    -73.177    -72.486    -71.822    -71.183    -70.567     30.862     30.540     30.232     29.939     29.658     29.391     29.135     28.890     28.657     28.433 
      0.082     53.989     53.323     52.693     52.097     51.533     50.999     50.493     50.014     49.559     49.127    -82.535    -81.661    -80.822    -80.016    -79.242    -78.497    -77.781    -77.092    -76.428    -75.790     45.367     44.890     44.434     43.999     43.583     43.186     42.806     42.443     42.096     41.764 
      0.108     69.012     68.249     67.527     66.844     66.198     65.587     65.008     64.460     63.940     63.447   -135.220   -133.747   -132.333   -130.974   -129.669   -128.413   -127.206   -126.044   -124.926   -123.849     56.656     56.060     55.491     54.948     54.429     53.933     53.459     53.006     52.573     52.159 
      0.132     83.988     82.985     82.036     81.138     80.289     79.484     78.721     77.998     77.312     76.662   -142.476   -140.947   -139.478   -138.068   -136.712   -135.408   -134.155   -132.948   -131.787   -130.669     69.614     68.873     68.167     67.491     66.846     66.230     65.640     65.077     64.537     64.021 
      0.155     96.872     95.783     94.753     93.778     92.856     91.983     91.155     90.370     89.626     88.920   -189.121   -187.059   -185.080   -183.178   -181.351   -179.593   -177.903   -176.277   -174.712   -173.205     78.830     77.987     77.182     76.413     75.679     74.976     74.305     73.663     73.048     72.460 
      0.175    108.082    106.754    105.498    104.309    103.182    102.115    101.102    100.142     99.231     98.365   -177.375   -175.476   -173.653   -171.902   -170.219   -168.600   -167.044   -165.546   -164.105   -162.717     89.175     88.210     87.288     86.407     85.565     84.760     83.989     83.252     82.547     81.871 
      0.193    115.750    114.386    113.094    111.872    110.713    109.616    108.574    107.587    106.649    105.759   -211.951   -209.652   -207.445   -205.324   -203.287   -201.327   -199.443   -197.630   -195.884   -194.204     93.616     92.595     91.620     90.687     89.796     88.944     88.128     87.348     86.601     85.885 
      0.209    125.453    124.042    122.707    121.443    120.246    119.111    118.035    117.014    116.044    115.124   -255.392   -252.593   -249.905   -247.323   -244.842   -242.456   -240.161   -237.953   -235.827   -233.781    100.106     99.008     97.959     96.956     95.997     95.080     94.202     93.361     92.557     91.786 
      0.222    127.525    125.964    124.487    123.087    121.760    120.501    119.307    118.174    117.097    116.074   -221.322   -218.933   -216.639   -214.435   -212.317   -210.281   -208.323   -206.438   -204.625   -202.878    102.834    101.693    100.603     99.561     98.564     97.611     96.698     95.823     94.986     94.184 
      0.227    129.626    128.060    126.577    125.173    123.841    122.579    121.382    120.245    119.165    118.140   -231.042   -228.541   -226.140   -223.833   -221.616   -219.485   -217.435   -215.462   -213.564   -211.736    104.343    103.189    102.085    101.030    100.020     99.055     98.130     97.245     96.398     95.586 
      0.236    135.082    133.373    131.755    130.222    128.769    127.391    126.084    124.843    123.664    122.543   -214.269   -211.980   -209.781   -207.668   -205.638   -203.686   -201.809   -200.003   -198.264   -196.590    109.404    108.194    107.037    105.932    104.874    103.862    102.894    101.967    101.078    100.228 
