      0.000    340.000    344.444    348.889    353.333    357.778    362.222    366.667    371.111    375.556    380.000    380.000    383.889    387.778    391.667    395.556    399.444    403.333    407.222    411.111    415.000    415.000    419.444    423.889    428.333    432.778    437.222    441.667    446.111    450.556    455.000 
      0.006     -3.248     -3.042     -2.846     -2.659     -2.482     -2.313     -2.151     -1.998     -1.851     -1.711     -1.711     -1.613     -1.520     -1.429     -1.343     -1.260     -1.180     -1.102     -1.028     -0.957     -0.957     -0.846     -0.739     -0.637     -0.538     -0.444     -0.353     -0.265     -0.181     -0.100 
      0.018     -9.498     -8.912     -8.355     -7.825     -7.320     -6.840     -6.382     -5.945     -5.528     -5.130     -5.130     -4.787     -4.458     -4.142     -3.838     -3.546     -3.265     -2.995     -2.735     -2.484     -2.484     -2.175     -1.878     -1.593     -1.319     -1.056     -0.803     -0.560     -0.325     -0.100 
      0.035     -5.336     -4.590     -3.880     -3.204     -2.560     -1.946     -1.361     -0.803     -0.269      0.241      0.241     -0.317     -0.853     -1.368     -1.863     -2.338     -2.796     -3.236     -3.660     -4.068     -4.068     -3.553     -3.060     -2.586     -2.130     -1.692     -1.271     -0.866     -0.476     -0.100 
      0.057     -0.293      0.671      1.588      2.462      3.295      4.089      4.847      5.571      6.262      6.923      6.923      5.237      3.618      2.063      0.568     -0.869     -2.251     -3.581     -4.861     -6.093     -6.093     -5.317     -4.572     -3.856     -3.168     -2.506     -1.870     -1.258     -0.668     -0.100 
      0.082     -7.090     -5.530     -4.045     -2.632     -1.285     -0.001      1.224      2.393      3.510      4.577      4.577      2.831      1.155     -0.456     -2.004     -3.493     -4.924     -6.302     -7.627     -8.904     -8.904     -7.763     -6.668     -5.617     -4.606     -3.634     -2.699     -1.800     -0.934     -0.100 
      0.108     -1.868     -0.058      1.665      3.306      4.869      6.360      7.782      9.140     10.437     11.678     11.678      8.729      5.898      3.178      0.564     -1.949     -4.366     -6.692     -8.931    -11.086    -11.086     -9.663     -8.297     -6.984     -5.723     -4.510     -3.344     -2.221     -1.141     -0.100 
      0.132     -7.420     -5.085     -2.864     -0.749      1.265      3.186      5.018      6.767      8.437     10.034     10.034      6.974      4.036      1.213     -1.499     -4.107     -6.616     -9.030    -11.353    -13.590    -13.590    -11.842    -10.164     -8.552     -7.003     -5.514     -4.082     -2.704     -1.377     -0.100 
      0.155     -2.517      0.019      2.433      4.730      6.919      9.005     10.996     12.896     14.711     16.445     16.445     12.328      8.374      4.576      0.925     -2.584     -5.960     -9.208    -12.334    -15.344    -15.344    -13.369    -11.472     -9.650     -7.900     -6.217     -4.599     -3.042     -1.543     -0.100 
      0.175    -10.847     -7.816     -4.932     -2.188      0.426      2.918      5.294      7.561      9.726     11.795     11.795      8.025      4.404      0.925     -2.418     -5.633     -8.724    -11.699    -14.562    -17.319    -17.319    -15.086    -12.943    -10.885     -8.908     -7.007     -5.180     -3.421     -1.729     -0.100 
      0.193     -6.039     -2.955     -0.022      2.769      5.428      7.962     10.378     12.684     14.886     16.989     16.989     12.456      8.104      3.922     -0.097     -3.961     -7.678    -11.253    -14.695    -18.009    -18.009    -15.686    -13.457    -11.316     -9.259     -7.282     -5.382     -3.553     -1.794     -0.100 
      0.209     -0.132      3.079      6.132      9.038     11.805     14.443     16.958     19.359     21.650     23.840     23.840     18.231     12.844      7.669      2.696     -2.086     -6.685    -11.110    -15.369    -19.470    -19.470    -16.957    -14.545    -12.229    -10.005     -7.867     -5.811     -3.834     -1.932     -0.100 
      0.222     -9.237     -5.775     -2.484      0.648      3.630      6.472      9.181     11.766     14.233     16.590     16.590     11.883      7.362      3.020     -1.154     -5.166     -9.025    -12.739    -16.313    -19.755    -19.755    -17.203    -14.755    -12.405    -10.148     -7.979     -5.893     -3.887     -1.958     -0.100 
      0.227     -7.973     -4.489     -1.175      1.978      4.980      7.841     10.569     13.172     15.656     18.029     18.029     13.096      8.359      3.808     -0.566     -4.771     -8.816    -12.708    -16.454    -20.061    -20.061    -17.470    -14.984    -12.597    -10.305     -8.102     -5.984     -3.947     -1.987     -0.100 
      0.236    -14.526    -10.732     -7.125     -3.692     -0.424      2.691      5.660      8.493     11.198     13.781     13.781      9.268      4.935      0.772     -3.229     -7.076    -10.776    -14.335    -17.762    -21.061    -21.061    -18.341    -15.730    -13.224    -10.817     -8.503     -6.279     -4.140     -2.081     -0.100 
    455.000    340.000    344.444    348.889    353.333    357.778    362.222    366.667    371.111    375.556    380.000    380.000    383.889    387.778    391.667    395.556    399.444    403.333    407.222    411.111    415.000    415.000    419.444    423.889    428.333    432.778    437.222    441.667    446.111    450.556    455.000 
      0.005     -1.411     -1.282     -1.159     -1.043     -0.932     -0.826     -0.726     -0.630     -0.538     -0.451     -0.451     -0.486     -0.520     -0.553     -0.584     -0.615     -0.644     -0.672     -0.699     -0.725     -0.725     -0.644     -0.566     -0.491     -0.419     -0.350     -0.284     -0.220     -0.159     -0.100 
      0.014     -8.089     -7.605     -7.145     -6.707     -6.291     -5.894     -5.516     -5.155     -4.811     -4.482     -4.482     -4.165     -3.860     -3.568     -3.287     -3.017     -2.757     -2.506     -2.266     -2.034     -2.034     -1.783     -1.542     -1.311     -1.089     -0.875     -0.670     -0.473     -0.283     -0.100 
      0.028     -3.504     -2.921     -2.365     -1.837     -1.334     -0.854     -0.396      0.041      0.458      0.857      0.857      0.319     -0.198     -0.694     -1.171     -1.629     -2.070     -2.495     -2.903     -3.297     -3.297     -2.882     -2.485     -2.103     -1.736     -1.383     -1.044     -0.717     -0.403     -0.100 
      0.047     -9.472     -8.409     -7.398     -6.436     -5.519     -4.645     -3.811     -3.016     -2.256     -1.530     -1.530     -2.045     -2.539     -3.014     -3.470     -3.909     -4.331     -4.737     -5.128     -5.504     -5.504     -4.804     -4.132     -3.486     -2.866     -2.269     -1.696     -1.143     -0.612     -0.100 
      0.068     -5.230     -3.961     -2.753     -1.604     -0.508      0.537      1.534      2.485      3.395      4.264      4.264      2.760      1.315     -0.073     -1.407     -2.690     -3.923     -5.110     -6.253     -7.353     -7.353     -6.414     -5.512     -4.646     -3.813     -3.013     -2.242     -1.501     -0.788     -0.100 
      0.089     -0.303      1.151      2.535      3.854      5.110      6.308      7.452      8.544      9.588     10.586     10.586      8.034      5.584      3.230      0.968     -1.208     -3.300     -5.313     -7.250     -9.116     -9.116     -7.949     -6.828     -5.751     -4.716     -3.721     -2.763     -1.842     -0.955     -0.100 
      0.108     -5.917     -3.986     -2.149     -0.400      1.266      2.855      4.371      5.818      7.200      8.522      8.522      5.951      3.483      1.112     -1.167     -3.359     -5.466     -7.494     -9.446    -11.325    -11.325     -9.871     -8.475     -7.134     -5.845     -4.606     -3.415     -2.268     -1.163     -0.100 
      0.126     -0.393      1.655      3.603      5.458      7.226      8.911     10.519     12.054     13.521     14.922     14.922     11.355      7.929      4.638      1.475     -1.566     -4.491     -7.305    -10.014    -12.622    -12.622    -11.000     -9.442     -7.946     -6.508     -5.126     -3.796     -2.517     -1.286     -0.100 
      0.141     -9.694     -7.167     -4.763     -2.475     -0.296      1.781      3.761      5.652      7.457      9.181      9.181      6.126      3.193      0.375     -2.334     -4.938     -7.443     -9.853    -12.172    -14.406    -14.406    -12.551    -10.770     -9.060     -7.418     -5.839     -4.320     -2.859     -1.454     -0.100 
      0.155     -3.999     -1.472      0.932      3.220      5.399      7.476      9.456     11.345     13.150     14.874     14.874     11.017      7.314      3.756      0.337     -2.951     -6.113     -9.156    -12.084    -14.904    -14.904    -12.983    -11.140     -9.370     -7.670     -6.036     -4.465     -2.954     -1.500     -0.100 
      0.168    -12.698     -9.739     -6.926     -4.248     -1.699      0.730      3.045      5.255      7.363      9.378      9.378      6.019      2.794     -0.304     -3.281     -6.144     -8.898    -11.548    -14.098    -16.553    -16.553    -14.418    -12.369    -10.401     -8.511     -6.695     -4.950     -3.271     -1.655     -0.100 
      0.180     -7.085     -4.136     -1.332      1.336      3.876      6.296      8.604     10.805     12.905     14.912     14.912     10.778      6.808      2.994     -0.672     -4.196     -7.586    -10.848    -13.987    -17.010    -17.010    -14.815    -12.708    -10.686     -8.743     -6.877     -5.083     -3.357     -1.698     -0.100 
      0.191     -0.272      2.739      5.602      8.327     10.921     13.392     15.748     17.996     20.141     22.190     22.190     16.956     11.930      7.102      2.461     -2.001     -6.293    -10.422    -14.397    -18.224    -18.224    -15.870    -13.612    -11.445     -9.363     -7.362     -5.440     -3.591     -1.812     -0.100 
      0.201     -9.489     -6.183     -3.040     -0.050      2.797      5.509      8.094     10.559     12.912     15.158     15.158     10.755      6.525      2.463     -1.442     -5.196     -8.807    -12.282    -15.626    -18.846    -18.846    -16.411    -14.075    -11.832     -9.679     -7.610     -5.621     -3.709     -1.870     -0.100 
      0.210     -2.474      0.759      3.832      6.756      9.539     12.190     14.717     17.128     19.428     21.625     21.625     16.352     11.289      6.425      1.750     -2.745     -7.068    -11.228    -15.232    -19.088    -19.088    -16.621    -14.254    -11.983     -9.802     -7.706     -5.692     -3.755     -1.893     -0.100 
      0.217     -1.849      1.458      4.601      7.592     10.440     13.153     15.738     18.205     20.559     22.807     22.807     17.313     12.038      6.970      2.098     -2.585     -7.089    -11.424    -15.596    -19.613    -19.613    -17.078    -14.646    -12.312    -10.071     -7.917     -5.847     -3.857     -1.942     -0.100 
      0.230     -8.734     -5.052     -1.552      1.778      4.948      7.968     10.847     13.593     16.213     18.716     18.716     13.578      8.643      3.903     -0.654     -5.034     -9.247    -13.301    -17.203    -20.961    -20.961    -18.251    -15.652    -13.156    -10.760     -8.458     -6.245     -4.117     -2.070     -0.100 
      0.249     -4.065     -0.293      3.294      6.707      9.956     13.052     16.004     18.819     21.507     24.073     24.073     18.093     12.350      6.833      1.530     -3.568     -8.472    -13.190    -17.732    -22.105    -22.105    -19.248    -16.506    -13.874    -11.347     -8.918     -6.584     -4.339     -2.179     -0.100 
      0.274    -10.272     -6.035     -2.007      1.825      5.475      8.951     12.266     15.429     18.447     21.330     21.330     15.448      9.798      4.371     -0.845     -5.860    -10.684    -15.325    -19.793    -24.094    -24.094    -20.979    -17.990    -15.121    -12.365     -9.717     -7.171     -4.723     -2.367     -0.100 
      0.301     -5.875     -1.473      2.713      6.696     10.489     14.103     17.549     20.837     23.976     26.974     26.974     20.162     13.619      7.334      1.293     -4.515    -10.101    -15.476    -20.650    -25.632    -25.632    -22.319    -19.139    -16.086    -13.153    -10.335     -7.626     -5.021     -2.513     -0.100 
      0.329     -0.628      3.921      8.248     12.365     16.286     20.023     23.587     26.987     30.234     33.335     33.335     25.507     17.988     10.766      3.824     -2.851     -9.270    -15.447    -21.393    -27.118    -27.118    -23.613    -20.248    -17.018    -13.915    -10.933     -8.066     -5.308     -2.655     -0.100 
      0.355     -6.623     -1.635      3.110      7.625     11.925     16.023     19.931     23.660     27.220     30.621     30.621     22.905     15.496      8.378      1.536     -5.042    -11.368    -17.456    -23.316    -28.958    -28.958    -25.214    -21.621    -18.171    -14.857    -11.672     -8.609     -5.664     -2.829     -0.100 
      0.379     -0.787      4.028      8.609     12.968     17.120     21.077     24.851     28.453     31.892     35.178     35.178     26.961     19.071     11.491      4.205     -2.800     -9.537    -16.020    -22.260    -28.268    -28.268    -24.615    -21.108    -17.741    -14.507    -11.398     -8.408     -5.532     -2.765     -0.100 
      0.400    -10.632     -5.415     -0.453      4.269      8.767     13.054     17.141     21.042     24.767     28.326     28.326     20.842     13.656      6.751      0.116     -6.264    -12.401    -18.305    -23.988    -29.461    -29.461    -25.653    -21.998    -18.489    -15.117    -11.876     -8.760     -5.763     -2.878     -0.100 
      0.419     -4.651      0.103      4.625      8.929     13.029     16.936     20.663     24.219     27.616     30.861     30.861     23.377     16.189      9.284      2.648     -3.733     -9.870    -15.776    -21.460    -26.933    -26.933    -23.454    -20.115    -16.908    -13.827    -10.865     -8.017     -5.277     -2.639     -0.100 
      0.433    -14.139     -8.913     -3.942      0.790      5.296      9.591     13.688     17.597     21.330     24.896     24.896     17.941     11.261      4.844     -1.324     -7.253    -12.957    -18.445    -23.727    -28.814    -28.814    -25.091    -21.518    -18.086    -14.789    -11.620     -8.572     -5.640     -2.817     -0.100 
      0.441     -9.883     -4.723      0.185      4.857      9.307     13.549     17.594     21.455     25.142     28.665     28.665     21.200     14.032      7.145      0.526     -5.837    -11.958    -17.848    -23.517    -28.976    -28.976    -25.232    -21.639    -18.188    -14.872    -11.685     -8.620     -5.671     -2.833     -0.100 
      0.454    -16.844    -11.351     -6.126     -1.153      3.584      8.099     12.405     16.514     20.437     24.187     24.187     17.162     10.415      3.934     -2.295     -8.284    -14.045    -19.588    -24.923    -30.060    -30.060    -26.176    -22.448    -18.868    -15.427    -12.120     -8.940     -5.881     -2.936     -0.100 
    455.000    340.000    344.444    348.889    353.333    357.778    362.222    366.667    371.111    375.556    380.000    380.000    383.889    387.778    391.667    395.556    399.444    403.333    407.222    411.111    415.000    415.000    419.444    423.889    428.333    432.778    437.222    441.667    446.111    450.556    455.000 
      0.007     -0.196     -0.071      0.048      0.161      0.269      0.372      0.471      0.565      0.655      0.741      0.741      0.531      0.329      0.136     -0.050     -0.229     -0.401     -0.566     -0.726     -0.879     -0.879     -0.778     -0.682     -0.589     -0.499     -0.413     -0.331     -0.251     -0.174     -0.100 
      0.020     -6.741     -6.200     -5.684     -5.194     -4.727     -4.281     -3.856     -3.451     -3.063     -2.693     -2.693     -2.682     -2.671     -2.661     -2.651     -2.641     -2.632     -2.623     -2.614     -2.606     -2.606     -2.282     -1.970     -1.671     -1.383     -1.107     -0.841     -0.584     -0.338     -0.100 
      0.039     -1.780     -1.067     -0.389      0.257      0.873      1.461      2.022      2.557      3.069      3.559      3.559      2.533      1.549      0.603     -0.307     -1.181     -2.022     -2.831     -3.610     -4.360     -4.360     -3.809     -3.279     -2.771     -2.282     -1.812     -1.359     -0.924     -0.504     -0.100 
      0.064     -8.463     -7.157     -5.914     -4.730     -3.602     -2.527     -1.501     -0.521      0.414      1.309      1.309      0.210     -0.845     -1.858     -2.832     -3.769     -4.670     -5.536     -6.371     -7.174     -7.174     -6.258     -5.379     -4.534     -3.722     -2.941     -2.190     -1.467     -0.771     -0.100 
      0.091     -3.783     -2.182     -0.658      0.793      2.177      3.495      4.754      5.956      7.104      8.202      8.202      5.898      3.685      1.559     -0.484     -2.448     -4.337     -6.155     -7.905     -9.589     -9.589     -8.361     -7.181     -6.048     -4.958     -3.911     -2.903     -1.933     -1.000     -0.100 
      0.119     -9.976     -7.780     -5.691     -3.702     -1.807      0.000      1.724      3.369      4.941      6.443      6.443      3.996      1.646     -0.612     -2.782     -4.868     -6.875     -8.806    -10.664    -12.454    -12.454    -10.854     -9.317     -7.841     -6.423     -5.060     -3.748     -2.486     -1.270     -0.100 
      0.145     -4.281     -1.842      0.480      2.690      4.796      6.805      8.720     10.549     12.297     13.967     13.967     10.266      6.712      3.298      0.016     -3.139     -6.173     -9.093    -11.903    -14.609    -14.609    -12.729    -10.925     -9.191     -7.525     -5.924     -4.384     -2.901     -1.474     -0.100 
      0.169     -0.018      2.656      5.200      7.622      9.930     12.131     14.231     16.235     18.150     19.980     19.980     15.256     10.720      6.362      2.174     -1.853     -5.726     -9.452    -13.039    -16.493    -16.493    -14.369    -12.330    -10.371     -8.489     -6.679     -4.939     -3.264     -1.652     -0.100 
      0.190     -7.752     -4.630     -1.661      1.166      3.859      6.425      8.874     11.210     13.441     15.574     15.574     11.205      7.009      2.978     -0.896     -4.620     -8.203    -11.649    -14.967    -18.162    -18.162    -15.820    -13.572    -11.414     -9.340     -7.346     -5.429     -3.585     -1.809     -0.100 
      0.209     -1.213      1.886      4.832      7.637     10.309     12.856     15.284     17.602     19.816     21.930     21.930     16.696     11.670      6.841      2.200     -2.262     -6.554    -10.683    -14.658    -18.485    -18.485    -16.100    -13.812    -11.614     -9.503     -7.474     -5.523     -3.646     -1.839     -0.100 
      0.223    -11.219     -7.696     -4.346     -1.158      1.877      4.770      7.529     10.160     12.673     15.073     15.073     10.537      6.181      1.997     -2.025     -5.892     -9.611    -13.190    -16.634    -19.951    -19.951    -17.375    -14.904    -12.530    -10.250     -8.059     -5.953     -3.927     -1.977     -0.100 
      0.231     -7.828     -4.321     -0.985      2.189      5.212      8.092     10.839     13.461     15.963     18.355     18.355     13.348      8.540      3.921     -0.518     -4.787     -8.892    -12.841    -16.643    -20.304    -20.304    -17.683    -15.167    -12.752    -10.432     -8.202     -6.058     -3.995     -2.011     -0.100 
      0.244    -15.478    -11.580     -7.872     -4.345     -0.985      2.216      5.269      8.182     10.963     13.620     13.620      9.051      4.664      0.449     -3.601     -7.496    -11.241    -14.845    -18.314    -21.655    -21.655    -18.859    -16.175    -13.598    -11.123     -8.744     -6.456     -4.256     -2.139     -0.100 
    455.000    340.000    344.444    348.889    353.333    357.778    362.222    366.667    371.111    375.556    380.000    380.000    383.889    387.778    391.667    395.556    399.444    403.333    407.222    411.111    415.000    415.000    419.444    423.889    428.333    432.778    437.222    441.667    446.111    450.556    455.000 
      0.007     -0.196     -0.071      0.048      0.162      0.270      0.373      0.472      0.566      0.656      0.742      0.742      0.532      0.331      0.137     -0.050     -0.229     -0.401     -0.567     -0.726     -0.880     -0.880     -0.779     -0.682     -0.589     -0.500     -0.414     -0.331     -0.251     -0.174     -0.100 
      0.020     -6.966     -6.415     -5.891     -5.393     -4.918     -4.465     -4.033     -3.621     -3.228     -2.852     -2.852     -2.823     -2.795     -2.768     -2.743     -2.718     -2.694     -2.671     -2.649     -2.628     -2.628     -2.301     -1.986     -1.685     -1.394     -1.115     -0.847     -0.588     -0.340     -0.100 
      0.039     -1.839     -1.121     -0.438      0.213      0.834      1.425      1.990      2.530      3.045      3.538      3.538      2.513      1.528      0.582     -0.327     -1.201     -2.042     -2.851     -3.629     -4.379     -4.379     -3.825     -3.293     -2.782     -2.291     -1.819     -1.364     -0.927     -0.506     -0.100 
      0.064     -8.614     -7.298     -6.046     -4.854     -3.719     -2.636     -1.604     -0.618      0.324      1.224      1.224      0.133     -0.915     -1.921     -2.889     -3.819     -4.713     -5.574     -6.402     -7.200     -7.200     -6.281     -5.398     -4.549     -3.734     -2.951     -2.197     -1.471     -0.773     -0.100 
      0.091     -3.838     -2.228     -0.697      0.761      2.150      3.475      4.739      5.945      7.098      8.200      8.200      5.893      3.678      1.549     -0.496     -2.463     -4.354     -6.175     -7.927     -9.614     -9.614     -8.381     -7.198     -6.061     -4.969     -3.919     -2.909     -1.937     -1.001     -0.100 
      0.119    -10.040     -7.836     -5.739     -3.742     -1.840     -0.028      1.702      3.352      4.929      6.435      6.435      3.986      1.634     -0.626     -2.797     -4.885     -6.893     -8.826    -10.686    -12.477    -12.477    -10.873     -9.333     -7.854     -6.433     -5.067     -3.753     -2.489     -1.272     -0.100 
      0.145     -4.414     -1.962      0.370      2.591      4.706      6.723      8.646     10.482     12.236     13.912     13.912     10.216      6.666      3.255     -0.023     -3.175     -6.206     -9.123    -11.930    -14.634    -14.634    -12.750    -10.941     -9.205     -7.536     -5.932     -4.389     -2.905     -1.476     -0.100 
      0.169     -0.018      2.665      5.218      7.648      9.963     12.170     14.276     16.285     18.205     20.039     20.039     15.304     10.757      6.389      2.191     -1.846     -5.728     -9.464    -13.060    -16.522    -16.522    -14.393    -12.349    -10.387     -8.501     -6.689     -4.945     -3.268     -1.654     -0.100 
      0.190     -8.175     -5.077     -2.131      0.673      3.344      5.890      8.317     10.634     12.845     14.959     14.959     10.707      6.624      2.701     -1.069     -4.694     -8.181    -11.536    -14.765    -17.875    -17.875    -15.569    -13.356    -11.232     -9.191     -7.229     -5.342     -3.528     -1.781     -0.100 
      0.209     -1.307      1.674      4.508      7.205      9.774     12.222     14.556     16.783     18.909     20.941     20.941     15.957     11.170      6.572      2.153     -2.097     -6.184    -10.116    -13.901    -17.546    -17.546    -15.282    -13.110    -11.024     -9.020     -7.095     -5.243     -3.463     -1.749     -0.100 
      0.223    -11.771     -8.314     -5.028     -1.901      1.076      3.912      6.616      9.196     11.659     14.010     14.010      9.687      5.536      1.547     -2.286     -5.971     -9.516    -12.927    -16.210    -19.372    -19.372    -16.870    -14.469    -12.164     -9.951     -7.824     -5.779     -3.813     -1.921     -0.100 
      0.230     -8.168     -4.743     -1.485      1.614      4.565      7.377     10.058     12.615     15.057     17.389     17.389     12.591      7.983      3.556     -0.699     -4.789     -8.724    -12.510    -16.154    -19.663    -19.663    -17.123    -14.687    -12.347    -10.100     -7.941     -5.866     -3.869     -1.949     -0.100 
      0.241     -2.602      0.791      4.018      7.089     10.014     12.801     15.458     17.993     20.414     22.727     22.727     17.168     11.831      6.703      1.774     -2.964     -7.522    -11.907    -16.128    -20.193    -20.193    -17.585    -15.083    -12.680    -10.373     -8.155     -6.023     -3.972     -1.999     -0.100 
      0.258    -10.179     -6.348     -2.705      0.762      4.063      7.208     10.208     13.070     15.802     18.412     18.412     13.199      8.193      3.384     -1.239     -5.683     -9.958    -14.071    -18.030    -21.842    -21.842    -19.020    -16.313    -13.713    -11.216     -8.817     -6.510     -4.291     -2.156     -0.100 
      0.281     -4.617     -0.687      3.050      6.607      9.994     13.222     16.301     19.239     22.044     24.724     24.724     18.525     12.572      6.854      1.357     -3.927     -9.010    -13.901    -18.608    -23.141    -23.141    -20.152    -17.283    -14.529    -11.883     -9.340     -6.894     -4.542     -2.279     -0.100 
      0.306    -11.850     -7.427     -3.221      0.782      4.595      8.228     11.693     14.999     18.156     21.171     21.171     15.169      9.405      3.867     -1.456     -6.573    -11.495    -16.231    -20.790    -25.179    -25.179    -21.926    -18.804    -15.805    -12.925    -10.157     -7.496     -4.936     -2.472     -0.100 
    455.000    340.000    344.444    348.889    353.333    357.778    362.222    366.667    371.111    375.556    380.000    380.000    383.889    387.778    391.667    395.556    399.444    403.333    407.222    411.111    415.000    415.000    419.444    423.889    428.333    432.778    437.222    441.667    446.111    450.556    455.000 
      0.007     -0.196     -0.071      0.048      0.161      0.269      0.372      0.471      0.565      0.655      0.741      0.741      0.531      0.330      0.136     -0.050     -0.229     -0.401     -0.567     -0.726     -0.879     -0.879     -0.779     -0.682     -0.589     -0.499     -0.413     -0.331     -0.251     -0.174     -0.100 
      0.020     -6.796     -6.252     -5.735     -5.242     -4.773     -4.326     -3.899     -3.492     -3.103     -2.732     -2.732     -2.716     -2.701     -2.687     -2.673     -2.660     -2.647     -2.635     -2.623     -2.611     -2.611     -2.286     -1.974     -1.674     -1.386     -1.109     -0.842     -0.585     -0.338     -0.100 
      0.039     -1.794     -1.080     -0.401      0.247      0.864      1.452      2.014      2.551      3.064      3.554      3.554      2.528      1.544      0.598     -0.312     -1.186     -2.027     -2.836     -3.614     -4.364     -4.364     -3.813     -3.283     -2.774     -2.284     -1.814     -1.361     -0.925     -0.505     -0.100 
      0.064     -8.500     -7.191     -5.946     -4.760     -3.630     -2.553     -1.526     -0.545      0.393      1.289      1.289      0.192     -0.862     -1.873     -2.846     -3.781     -4.680     -5.546     -6.378     -7.180     -7.180     -6.264     -5.383     -4.538     -3.725     -2.943     -2.192     -1.468     -0.771     -0.100 
      0.091     -3.797     -2.193     -0.667      0.786      2.170      3.491      4.751      5.954      7.103      8.202      8.202      5.897      3.683      1.557     -0.487     -2.452     -4.342     -6.160     -7.910     -9.596     -9.596     -8.366     -7.185     -6.051     -4.961     -3.913     -2.905     -1.934     -1.000     -0.100 
      0.119     -9.992     -7.794     -5.702     -3.711     -1.815     -0.006      1.719      3.366      4.939      6.442      6.442      3.994      1.643     -0.615     -2.786     -4.873     -6.880     -8.811    -10.670    -12.460    -12.460    -10.859     -9.321     -7.845     -6.426     -5.061     -3.749     -2.486     -1.271     -0.100 
      0.145     -4.313     -1.871      0.454      2.667      4.775      6.786      8.704     10.535     12.284     13.955     13.955     10.255      6.701      3.288      0.007     -3.148     -6.182     -9.101    -11.911    -14.616    -14.616    -12.736    -10.930     -9.195     -7.529     -5.927     -4.385     -2.902     -1.475     -0.100 
      0.169     -0.018      2.658      5.204      7.629      9.938     12.141     14.242     16.247     18.163     19.994     19.994     15.268     10.729      6.369      2.178     -1.851     -5.726     -9.455    -13.044    -16.500    -16.500    -14.375    -12.334    -10.375     -8.492     -6.681     -4.941     -3.265     -1.653     -0.100 
      0.190     -7.855     -4.737     -1.772      1.050      3.739      6.301      8.745     11.078     13.305     15.434     15.434     11.091      6.920      2.914     -0.937     -4.640     -8.201    -11.627    -14.925    -18.100    -18.100    -15.767    -13.526    -11.375     -9.308     -7.321     -5.411     -3.573     -1.803     -0.100 
      0.209     -1.235      1.837      4.759      7.540     10.189     12.714     15.122     17.420     19.614     21.711     21.711     16.532     11.559      6.782      2.190     -2.224     -6.470    -10.556    -14.488    -18.275    -18.275    -15.917    -13.655    -11.482     -9.395     -7.389     -5.460     -3.605     -1.819     -0.100 
      0.223    -11.353     -7.845     -4.509     -1.334      1.688      4.569      7.315      9.935     12.437     14.826     14.826     10.339      6.031      1.891     -2.087     -5.912     -9.591    -13.131    -16.538    -19.819    -19.819    -17.260    -14.804    -12.447    -10.182     -8.005     -5.913     -3.901     -1.964     -0.100 
      0.231     -7.929     -4.437     -1.116      2.044      5.054      7.922     10.656     13.266     15.757     18.137     18.137     13.175      8.410      3.833     -0.566     -4.796     -8.864    -12.778    -16.546    -20.174    -20.174    -17.569    -15.069    -12.669    -10.364     -8.149     -6.018     -3.970     -1.998     -0.100 
      0.244    -15.598    -11.713     -8.019     -4.504     -1.156      2.034      5.075      7.977     10.748     13.394     13.394      8.871      4.527      0.354     -3.656     -7.512    -11.221    -14.790    -18.225    -21.532    -21.532    -18.751    -16.083    -13.520    -11.059     -8.694     -6.419     -4.232     -2.127     -0.100 
    455.000    340.000    344.444    348.889    353.333    357.778    362.222    366.667    371.111    375.556    380.000    380.000    383.889    387.778    391.667    395.556    399.444    403.333    407.222    411.111    415.000    415.000    419.444    423.889    428.333    432.778    437.222    441.667    446.111    450.556    455.000 
      0.006     -3.171     -2.968     -2.775     -2.591     -2.417     -2.250     -2.091     -1.940     -1.795     -1.657     -1.657     -1.565     -1.477     -1.393     -1.312     -1.234     -1.159     -1.086     -1.017     -0.950     -0.950     -0.840     -0.734     -0.632     -0.535     -0.441     -0.351     -0.264     -0.180     -0.100 
      0.018     -9.360     -8.780     -8.228     -7.704     -7.204     -6.728     -6.274     -5.842     -5.428     -5.034     -5.034     -4.702     -4.383     -4.077     -3.783     -3.500     -3.228     -2.966     -2.714     -2.471     -2.471     -2.164     -1.869     -1.585     -1.313     -1.051     -0.800     -0.557     -0.324     -0.100 
      0.035     -5.263     -4.521     -3.815     -3.144     -2.504     -1.893     -1.311     -0.756     -0.225      0.282      0.282     -0.280     -0.819     -1.338     -1.836     -2.315     -2.775     -3.219     -3.645     -4.056     -4.056     -3.544     -3.052     -2.579     -2.125     -1.688     -1.268     -0.864     -0.475     -0.100 
      0.057     -0.293      0.669      1.585      2.457      3.289      4.082      4.838      5.561      6.252      6.912      6.912      5.228      3.611      2.057      0.564     -0.871     -2.252     -3.580     -4.859     -6.090     -6.090     -5.315     -4.570     -3.855     -3.167     -2.506     -1.870     -1.257     -0.668     -0.100 
      0.082     -7.044     -5.488     -4.007     -2.597     -1.254      0.027      1.249      2.416      3.531      4.596      4.596      2.849      1.171     -0.441     -1.990     -3.479     -4.911     -6.289     -7.616     -8.893     -8.893     -7.755     -6.661     -5.611     -4.601     -3.631     -2.697     -1.798     -0.933     -0.100 
      0.108     -1.860     -0.052      1.668      3.306      4.866      6.355      7.775      9.131     10.427     11.666     11.666      8.720      5.892      3.174      0.563     -1.948     -4.363     -6.687     -8.923    -11.077    -11.077     -9.655     -8.290     -6.979     -5.719     -4.507     -3.342     -2.220     -1.140     -0.100 
      0.132     -7.384     -5.054     -2.837     -0.727      1.284      3.201      5.030      6.776      8.444     10.038     10.038      6.979      4.043      1.221     -1.490     -4.097     -6.605     -9.017    -11.340    -13.575    -13.575    -11.830    -10.154     -8.544     -6.996     -5.509     -4.078     -2.702     -1.376     -0.100 
      0.155     -2.463      0.070      2.480      4.775      6.961      9.045     11.033     12.932     14.745     16.478     16.478     12.356      8.397      4.594      0.939     -2.576     -5.956     -9.208    -12.338    -15.352    -15.352    -13.375    -11.478     -9.656     -7.905     -6.221     -4.602     -3.044     -1.544     -0.100 
      0.175    -10.649     -7.622     -4.743     -2.002      0.608      3.097      5.470      7.736      9.899     11.966     11.966      8.170      4.526      1.024     -2.341     -5.577     -8.689    -11.683    -14.565    -17.340    -17.340    -15.105    -12.959    -10.899     -8.919     -7.017     -5.187     -3.426     -1.732     -0.100 
      0.193     -5.867     -2.767      0.181      2.987      5.660      8.208     10.637     12.956     15.171     17.287     17.287     12.693      8.281      4.043     -0.030     -3.946     -7.712    -11.336    -14.824    -18.183    -18.183    -15.838    -13.587    -11.426     -9.349     -7.353     -5.434     -3.588     -1.811     -0.100 
      0.209     -0.132      3.070      6.116      9.015     11.776     14.408     16.918     19.314     21.601     23.787     23.787     18.188     12.812      7.647      2.683     -2.089     -6.679    -11.096    -15.347    -19.440    -19.440    -16.932    -14.524    -12.212     -9.991     -7.857     -5.804     -3.830     -1.929     -0.100 
      0.222     -9.063     -5.582     -2.272      0.877      3.877      6.735      9.461     12.061     14.544     16.916     16.916     12.142      7.557      3.153     -1.079     -5.149     -9.063    -12.829    -16.454    -19.944    -19.944    -17.369    -14.898    -12.526    -10.246     -8.056     -5.951     -3.925     -1.976     -0.100 
      0.228     -6.322     -2.848      0.456      3.600      6.594      9.448     12.169     14.766     17.245     19.613     19.613     14.448      9.488      4.724      0.144     -4.258     -8.493    -12.567    -16.489    -20.265    -20.265    -17.649    -15.138    -12.727    -10.411     -8.186     -6.046     -3.987     -2.007     -0.100 
      0.240     -1.439      2.023      5.315      8.449     11.433     14.278     16.990     19.579     22.051     24.413     24.413     18.555     12.929      7.524      2.330     -2.664     -7.467    -12.088    -16.537    -20.820    -20.820    -18.132    -15.553    -13.076    -10.696     -8.409     -6.211     -4.095     -2.060     -0.100 
      0.257     -8.382     -4.505     -0.817      2.693      6.035      9.221     12.260     15.159     17.927     20.572     20.572     15.005      9.658      4.522     -0.414     -5.160     -9.724    -14.116    -18.344    -22.414    -22.414    -19.520    -16.742    -14.075    -11.512     -9.049     -6.681     -4.403     -2.211     -0.100 
      0.279     -3.146      0.835      4.622      8.226     11.660     14.932     18.053     21.032     23.877     26.595     26.595     20.082     13.827      7.818      2.043     -3.509     -8.849    -13.987    -18.933    -23.695    -23.695    -20.636    -17.699    -14.879    -12.169     -9.565     -7.061     -4.651     -2.333     -0.100 
      0.304    -10.121     -5.663     -1.423      2.613      6.457     10.121     13.616     16.950     20.135     23.178     23.178     16.853     10.778      4.943     -0.665     -6.057    -11.243    -16.233    -21.036    -25.661    -25.661    -22.347    -19.165    -16.110    -13.175    -10.354     -7.641     -5.031     -2.519     -0.100 
      0.330     -5.209     -0.617      3.752      7.910     11.871     15.647     19.248     22.686     25.968     29.105     29.105     21.834     14.851      8.142      1.695     -4.504    -10.466    -16.202    -21.724    -27.040    -27.040    -23.548    -20.195    -16.975    -13.882    -10.908     -8.049     -5.298     -2.650     -0.100 
      0.354    -10.534     -5.535     -0.781      3.745      8.056     12.166     16.085     19.826     23.398     26.811     26.811     19.611     12.697      6.055     -0.329     -6.467    -12.370    -18.050    -23.518    -28.782    -28.782    -25.063    -21.494    -18.066    -14.773    -11.607     -8.563     -5.634     -2.815     -0.100 
      0.377     -6.256     -1.180      3.648      8.245     12.624     16.798     20.779     24.579     28.209     31.677     31.677     23.732     16.102      8.772      1.728     -5.045    -11.559    -17.827    -23.860    -29.669    -29.669    -25.836    -22.157    -18.623    -15.228    -11.964     -8.826     -5.806     -2.899     -0.100 
      0.397     -1.520      3.634      8.538     13.206     17.653     21.893     25.937     29.798     33.485     37.008     37.008     28.246     19.831     11.747      3.978     -3.492    -10.676    -17.589    -24.243    -30.649    -30.649    -26.690    -22.889    -19.238    -15.730    -12.359     -9.116     -5.996     -2.992     -0.100 
      0.415    -10.007     -4.690      0.368      5.183      9.770     14.143     18.314     22.295     26.097     29.730     29.730     21.949     14.476      7.297      0.398     -6.235    -12.616    -18.754    -24.663    -30.353    -30.353    -26.432    -22.668    -19.053    -15.580    -12.240     -9.029     -5.939     -2.964     -0.100 
      0.431     -3.277      1.786      6.604     11.190     15.559     19.724     23.698     27.491     31.114     34.577     34.577     26.301     18.353     10.718      3.381     -3.674    -10.460    -16.988    -23.273    -29.323    -29.323    -25.537    -21.902    -18.410    -15.055    -11.829     -8.727     -5.742     -2.868     -0.100 
      0.444    -13.330     -7.898     -2.732      2.187      6.873     11.340     15.601     19.668     23.552     27.265     27.265     19.795     12.622      5.731     -0.892     -7.260    -13.385    -19.277    -24.949    -30.411    -30.411    -26.483    -22.713    -19.091    -15.611    -12.266     -9.048     -5.951     -2.971     -0.100 
      0.450     -9.257     -3.898      1.200      6.054     10.678     15.086     19.291     23.305     27.139     30.804     30.804     22.863     15.238      7.913      0.873     -5.896    -12.406    -18.670    -24.700    -30.505    -30.505    -26.566    -22.784    -19.151    -15.660    -12.304     -9.076     -5.970     -2.980     -0.100 
      0.461     -4.149      1.152      6.194     10.996     15.570     19.931     24.092     28.063     31.857     35.484     35.484     26.899     18.654     10.734      3.122     -4.196    -11.235    -18.008    -24.527    -30.804    -30.804    -26.827    -23.008    -19.339    -15.814    -12.425     -9.165     -6.028     -3.008     -0.100 
      0.479    -11.323     -5.657     -0.267      4.865      9.754     14.415     18.861     23.106     27.159     31.034     31.034     22.866     15.022      7.486      0.244     -6.719    -13.416    -19.860    -26.063    -32.035    -32.035    -27.898    -23.925    -20.110    -16.444    -12.919     -9.528     -6.266     -3.125     -0.100 
    455.000    340.000    344.444    348.889    353.333    357.778    362.222    366.667    371.111    375.556    380.000    380.000    383.889    387.778    391.667    395.556    399.444    403.333    407.222    411.111    415.000    415.000    419.444    423.889    428.333    432.778    437.222    441.667    446.111    450.556    455.000 
      0.006     -3.312     -3.104     -2.905     -2.716     -2.536     -2.365     -2.202     -2.047     -1.898     -1.756     -1.756     -1.654     -1.555     -1.460     -1.369     -1.281     -1.197     -1.116     -1.038     -0.963     -0.963     -0.851     -0.743     -0.640     -0.541     -0.446     -0.354     -0.266     -0.182     -0.100 
      0.018     -9.614     -9.023     -8.461     -7.927     -7.418     -6.934     -6.472     -6.032     -5.612     -5.211     -5.211     -4.859     -4.521     -4.197     -3.885     -3.585     -3.297     -3.019     -2.752     -2.495     -2.495     -2.184     -1.886     -1.600     -1.325     -1.060     -0.806     -0.562     -0.326     -0.100 
      0.035     -5.397     -4.647     -3.934     -3.254     -2.608     -1.991     -1.403     -0.842     -0.306      0.205      0.205     -0.349     -0.882     -1.394     -1.885     -2.358     -2.813     -3.251     -3.672     -4.077     -4.077     -3.562     -3.067     -2.591     -2.135     -1.696     -1.274     -0.867     -0.476     -0.100 
      0.057     -0.293      0.672      1.591      2.467      3.300      4.096      4.854      5.579      6.271      6.932      6.932      5.245      3.625      2.068      0.572     -0.866     -2.250     -3.581     -4.862     -6.096     -6.096     -5.319     -4.573     -3.857     -3.169     -2.507     -1.870     -1.258     -0.668     -0.100 
      0.082     -7.129     -5.565     -4.077     -2.660     -1.311     -0.025      1.202      2.374      3.492      4.562      4.562      2.817      1.141     -0.469     -2.016     -3.504     -4.935     -6.312     -7.637     -8.913     -8.913     -7.771     -6.675     -5.622     -4.610     -3.637     -2.702     -1.801     -0.935     -0.100 
      0.108     -1.876     -0.062      1.663      3.306      4.871      6.364      7.788      9.147     10.446     11.688     11.688      8.737      5.904      3.182      0.566     -1.949     -4.369     -6.696     -8.937    -11.094    -11.094     -9.670     -8.302     -6.989     -5.726     -4.513     -3.346     -2.223     -1.141     -0.100 
      0.132     -7.450     -5.111     -2.886     -0.768      1.250      3.173      5.008      6.759      8.432     10.031     10.031      6.970      4.031      1.207     -1.507     -4.116     -6.625     -9.040    -11.364    -13.602    -13.602    -11.852    -10.172     -8.559     -7.008     -5.518     -4.085     -2.706     -1.378     -0.100 
      0.155     -2.563     -0.025      2.390      4.689      6.880      8.967     10.959     12.860     14.675     16.410     16.410     12.299      8.352      4.559      0.914     -2.590     -5.961     -9.204    -12.325    -15.331    -15.331    -13.357    -11.461     -9.641     -7.892     -6.211     -4.594     -3.039     -1.542     -0.100 
      0.175    -11.014     -7.979     -5.094     -2.347      0.269      2.762      5.139      7.408      9.574     11.644     11.644      7.896      4.297      0.839     -2.484     -5.678     -8.751    -11.708    -14.554    -17.294    -17.294    -15.064    -12.924    -10.868     -8.894     -6.996     -5.171     -3.416     -1.727     -0.100 
      0.193     -6.183     -3.116     -0.199      2.577      5.221      7.740     10.143     12.435     14.624     16.715     16.715     12.239      7.941      3.813     -0.156     -3.971     -7.640    -11.171    -14.569    -17.841    -17.841    -15.540    -13.331    -11.210     -9.172     -7.214     -5.331     -3.520     -1.778     -0.100 
      0.209     -0.132      3.085      6.145      9.057     11.829     14.472     16.992     19.396     21.692     23.885     23.885     18.267     12.871      7.688      2.707     -2.083     -6.689    -11.121    -15.387    -19.495    -19.495    -16.978    -14.563    -12.244    -10.016     -7.876     -5.818     -3.838     -1.934     -0.100 
      0.222     -9.382     -5.941     -2.668      0.445      3.410      6.235      8.928     11.497     13.949     16.291     16.291     11.646      7.185      2.899     -1.219     -5.179     -8.988    -12.652    -16.179    -19.576    -19.576    -17.047    -14.621    -12.292    -10.055     -7.905     -5.839     -3.852     -1.940     -0.100 
      0.228     -6.574     -3.140      0.126      3.233      6.192      9.011     11.698     14.262     16.710     19.048     19.048     14.004      9.160      4.506      0.034     -4.267     -8.403    -12.382    -16.213    -19.901    -19.901    -17.331    -14.864    -12.496    -10.222     -8.037     -5.936     -3.915     -1.971     -0.100 
      0.240     -1.438      1.976      5.224      8.315     11.258     14.062     16.736     19.288     21.724     24.051     24.051     18.288     12.753      7.436      2.326     -2.587     -7.313    -11.860    -16.236    -20.450    -20.450    -17.809    -15.275    -12.841    -10.504     -8.258     -6.099     -4.022     -2.024     -0.100 
      0.257     -8.565     -4.726     -1.075      2.400      5.708      8.861     11.867     14.736     17.474     20.090     20.090     14.629      9.385      4.347     -0.495     -5.150     -9.627    -13.935    -18.082    -22.075    -22.075    -19.223    -16.487    -13.859    -11.336     -8.910     -6.578     -4.336     -2.177     -0.100 
      0.279     -3.213      0.728      4.477      8.044     11.442     14.680     17.768     20.715     23.528     26.216     26.216     19.795     13.629      7.705      2.011     -3.463     -8.728    -13.793    -18.670    -23.365    -23.365    -20.347    -17.450    -14.669    -11.997     -9.429     -6.960     -4.585     -2.300     -0.100 
      0.304    -10.233     -5.811     -1.606      2.397      6.208      9.841     13.305     16.610     19.766     22.781     22.781     16.548     10.562      4.811     -0.716     -6.030    -11.141    -16.059    -20.793    -25.351    -25.351    -22.075    -18.931    -15.913    -13.013    -10.226     -7.546     -4.969     -2.488     -0.100 
      0.330     -5.249     -0.694      3.639      7.764     11.692     15.436     19.006     22.414     25.667     28.776     28.776     21.586     14.682      8.049      1.674     -4.455    -10.350    -16.023    -21.482    -26.740    -26.740    -23.285    -19.968    -16.784    -13.725    -10.785     -7.957     -5.238     -2.620     -0.100 
      0.354    -10.616     -5.652     -0.930      3.564      7.845     11.924     15.815     19.528     23.073     26.460     26.460     19.343     12.508      5.942     -0.368     -6.436    -12.272    -17.887    -23.292    -28.496    -28.496    -24.813    -21.279    -17.884    -14.624    -11.489     -8.476     -5.577     -2.786     -0.100 
      0.377     -6.482     -1.466      3.306      7.848     12.174     16.298     20.231     23.984     27.568     30.993     30.993     23.200     15.715      8.525      1.615     -5.029    -11.419    -17.568    -23.486    -29.185    -29.185    -25.414    -21.794    -18.317    -14.978    -11.767     -8.680     -5.711     -2.852     -0.100 
      0.397     -1.520      3.603      8.477     13.117     17.536     21.749     25.767     29.602     33.264     36.764     36.764     28.065     19.712     11.687      3.975     -3.441    -10.573    -17.436    -24.041    -30.402    -30.402    -26.473    -22.702    -19.080    -15.601    -12.256     -9.040     -5.946     -2.968     -0.100 
      0.415    -10.460     -5.292     -0.375      4.305      8.763     13.012     17.065     20.933     24.627     28.156     28.156     20.721     13.581      6.722      0.130     -6.208    -12.305    -18.170    -23.816    -29.253    -29.253    -25.474    -21.846    -18.362    -15.015    -11.797     -8.702     -5.725     -2.859     -0.100 
      0.431     -3.470      1.326      5.889     10.232     14.370     18.315     22.077     25.668     29.099     32.377     32.377     24.626     17.184     10.034      3.162     -3.445     -9.800    -15.915    -21.800    -27.467    -27.467    -23.920    -20.516    -17.246    -14.103    -11.083     -8.177     -5.382     -2.691     -0.100 
      0.444    -13.789     -8.516     -3.501      1.274      5.823     10.158     14.294     18.240     22.010     25.612     25.612     18.503     11.676      5.118     -1.186     -7.246    -13.075    -18.684    -24.082    -29.280    -29.280    -25.499    -21.868    -18.381    -15.031    -11.810     -8.712     -5.732     -2.863     -0.100 
      0.450     -9.586     -4.387      0.559      5.268      9.753     14.029     18.108     22.001     25.719     29.272     29.272     21.675     14.379      7.371      0.635     -5.842    -12.071    -18.064    -23.833    -29.388    -29.388    -25.593    -21.949    -18.450    -15.087    -11.854     -8.745     -5.753     -2.873     -0.100 
      0.461     -4.307      0.832      5.721     10.376     14.810     19.038     23.070     26.920     30.597     34.111     34.111     25.846     17.909     10.284      2.956     -4.090    -10.866    -17.387    -23.663    -29.707    -29.707    -25.870    -22.188    -18.650    -15.251    -11.983     -8.840     -5.815     -2.904     -0.100 
      0.479    -11.558     -6.044     -0.799      4.194      8.951     13.485     17.811     21.940     25.883     29.652     29.652     21.798     14.256      7.010      0.047     -6.649    -13.088    -19.284    -25.249    -30.991    -30.991    -26.989    -23.146    -19.455    -15.908    -12.498     -9.219     -6.063     -3.026     -0.100 
    455.000    340.000    344.444    348.889    353.333    357.778    362.222    366.667    371.111    375.556    380.000    380.000    383.889    387.778    391.667    395.556    399.444    403.333    407.222    411.111    415.000    415.000    419.444    423.889    428.333    432.778    437.222    441.667    446.111    450.556    455.000 
      0.007     -0.196     -0.071      0.048      0.162      0.270      0.373      0.472      0.566      0.656      0.742      0.742      0.532      0.330      0.137     -0.050     -0.229     -0.401     -0.567     -0.726     -0.880     -0.880     -0.779     -0.682     -0.589     -0.500     -0.413     -0.331     -0.251     -0.174     -0.100 
      0.020     -6.957     -6.407     -5.883     -5.385     -4.911     -4.458     -4.027     -3.615     -3.222     -2.846     -2.846     -2.818     -2.790     -2.764     -2.739     -2.715     -2.692     -2.669     -2.648     -2.627     -2.627     -2.300     -1.986     -1.684     -1.394     -1.115     -0.847     -0.588     -0.340     -0.100 
      0.039     -1.837     -1.119     -0.436      0.215      0.835      1.427      1.991      2.531      3.046      3.539      3.539      2.513      1.529      0.583     -0.326     -1.200     -2.041     -2.850     -3.628     -4.378     -4.378     -3.825     -3.293     -2.782     -2.291     -1.819     -1.364     -0.927     -0.506     -0.100 
      0.064     -8.609     -7.293     -6.041     -4.850     -3.714     -2.632     -1.600     -0.614      0.327      1.227      1.227      0.136     -0.912     -1.919     -2.886     -3.817     -4.712     -5.573     -6.401     -7.199     -7.199     -6.280     -5.397     -4.549     -3.734     -2.950     -2.196     -1.471     -0.773     -0.100 
      0.091     -3.836     -2.227     -0.696      0.762      2.151      3.476      4.740      5.946      7.098      8.200      8.200      5.893      3.678      1.550     -0.496     -2.462     -4.354     -6.174     -7.926     -9.613     -9.613     -8.381     -7.198     -6.061     -4.969     -3.919     -2.909     -1.937     -1.001     -0.100 
      0.119    -10.038     -7.834     -5.737     -3.741     -1.839     -0.026      1.703      3.353      4.929      6.436      6.436      3.987      1.635     -0.625     -2.797     -4.885     -6.893     -8.825    -10.685    -12.476    -12.476    -10.872     -9.333     -7.854     -6.433     -5.067     -3.753     -2.489     -1.272     -0.100 
      0.145     -4.409     -1.957      0.375      2.595      4.710      6.726      8.649     10.485     12.239     13.915     13.915     10.218      6.668      3.257     -0.021     -3.173     -6.205     -9.122    -11.930    -14.633    -14.633    -12.749    -10.941     -9.205     -7.536     -5.932     -4.389     -2.905     -1.476     -0.100 
      0.169     -0.018      2.665      5.217      7.647      9.962     12.169     14.274     16.283     18.202     20.037     20.037     15.302     10.756      6.388      2.190     -1.846     -5.728     -9.463    -13.059    -16.521    -16.521    -14.392    -12.349    -10.386     -8.501     -6.688     -4.945     -3.268     -1.654     -0.100 
      0.190     -8.159     -5.060     -2.113      0.692      3.364      5.911      8.339     10.656     12.869     14.983     14.983     10.726      6.639      2.712     -1.063     -4.692     -8.182    -11.541    -14.773    -17.886    -17.886    -15.579    -13.365    -11.239     -9.197     -7.233     -5.346     -3.530     -1.782     -0.100 
      0.209     -1.303      1.682      4.521      7.222      9.795     12.247     14.585     16.816     18.946     20.980     20.980     15.986     11.191      6.583      2.155     -2.103     -6.198    -10.138    -13.931    -17.583    -17.583    -15.314    -13.137    -11.047     -9.039     -7.110     -5.254     -3.470     -1.753     -0.100 
      0.223    -11.750     -8.291     -5.003     -1.873      1.106      3.945      6.651      9.232     11.696     14.050     14.050      9.719      5.560      1.564     -2.276     -5.968     -9.519    -12.936    -16.225    -19.392    -19.392    -16.888    -14.485    -12.177     -9.961     -7.832     -5.785     -3.817     -1.923     -0.100 
      0.228     -9.727     -6.267     -2.978      0.152      3.133      5.972      8.680     11.262     13.728     16.083     16.083     11.453      7.008      2.736     -1.369     -5.315     -9.111    -12.764    -16.280    -19.665    -19.665    -17.126    -14.688    -12.349    -10.102     -7.942     -5.866     -3.870     -1.949     -0.100 
      0.237    -16.455    -12.679     -9.089     -5.673     -2.420      0.679      3.633      6.452      9.142     11.712     11.712      7.516      3.486     -0.385     -4.105     -7.683    -11.123    -14.434    -17.621    -20.689    -20.689    -18.016    -15.452    -12.990    -10.625     -8.353     -6.168     -4.067     -2.046     -0.100 
    455.000    340.000    344.444    348.889    353.333    357.778    362.222    366.667    371.111    375.556    380.000    380.000    383.889    387.778    391.667    395.556    399.444    403.333    407.222    411.111    415.000    415.000    419.444    423.889    428.333    432.778    437.222    441.667    446.111    450.556    455.000 
      0.007     -0.196     -0.071      0.048      0.162      0.270      0.373      0.471      0.565      0.655      0.742      0.742      0.532      0.330      0.136     -0.050     -0.229     -0.401     -0.567     -0.726     -0.879     -0.879     -0.779     -0.682     -0.589     -0.499     -0.413     -0.331     -0.251     -0.174     -0.100 
      0.020     -6.870     -6.323     -5.803     -5.308     -4.836     -4.387     -3.958     -3.549     -3.158     -2.784     -2.784     -2.763     -2.742     -2.722     -2.703     -2.685     -2.668     -2.651     -2.634     -2.619     -2.619     -2.293     -1.979     -1.679     -1.390     -1.112     -0.844     -0.587     -0.339     -0.100 
      0.039     -1.814     -1.098     -0.417      0.232      0.851      1.441      2.004      2.541      3.055      3.547      3.547      2.522      1.537      0.591     -0.318     -1.192     -2.033     -2.842     -3.621     -4.371     -4.371     -3.818     -3.287     -2.778     -2.287     -1.816     -1.362     -0.926     -0.505     -0.100 
      0.064     -8.550     -7.238     -5.990     -4.801     -3.669     -2.589     -1.560     -0.576      0.363      1.260      1.260      0.166     -0.885     -1.894     -2.865     -3.797     -4.695     -5.558     -6.389     -7.189     -7.189     -6.271     -5.390     -4.543     -3.729     -2.947     -2.194     -1.469     -0.772     -0.100 
      0.091     -3.815     -2.209     -0.680      0.775      2.162      3.484      4.746      5.950      7.101      8.202      8.202      5.896      3.681      1.554     -0.491     -2.457     -4.347     -6.167     -7.918     -9.604     -9.604     -8.373     -7.191     -6.056     -4.965     -3.916     -2.907     -1.936     -1.001     -0.100 
      0.119    -10.013     -7.812     -5.718     -3.725     -1.826     -0.015      1.712      3.360      4.935      6.439      6.439      3.991      1.639     -0.620     -2.791     -4.878     -6.886     -8.818    -10.677    -12.468    -12.468    -10.865     -9.327     -7.849     -6.429     -5.064     -3.751     -2.488     -1.271     -0.100 
      0.145     -4.357     -1.910      0.418      2.634      4.746      6.759      8.680     10.513     12.264     13.938     13.938     10.239      6.687      3.274     -0.006     -3.160     -6.193     -9.111    -11.920    -14.625    -14.625    -12.743    -10.936     -9.200     -7.533     -5.929     -4.387     -2.904     -1.475     -0.100 
      0.169     -0.018      2.661      5.210      7.637      9.949     12.154     14.256     16.264     18.181     20.014     20.014     15.284     10.741      6.378      2.184     -1.849     -5.727     -9.459    -13.051    -16.509    -16.509    -14.383    -12.341    -10.380     -8.496     -6.685     -4.943     -3.267     -1.653     -0.100 
      0.190     -7.995     -4.885     -1.927      0.888      3.570      6.125      8.563     10.889     13.110     15.233     15.233     10.928      6.794      2.823     -0.994     -4.664     -8.194    -11.590    -14.860    -18.007    -18.007    -15.685    -13.456    -11.316     -9.260     -7.283     -5.382     -3.554     -1.794     -0.100 
      0.209     -1.267      1.767      4.653      7.399     10.015     12.507     14.884     17.153     19.318     21.388     21.388     16.291     11.396      6.694      2.175     -2.170     -6.349    -10.370    -14.241    -17.967    -17.967    -15.649    -13.425    -11.289     -9.237     -7.265     -5.369     -3.545     -1.790     -0.100 
      0.223    -11.535     -8.049     -4.734     -1.580      1.423      4.285      7.013      9.616     12.101     14.474     14.474     10.058      5.817      1.743     -2.173     -5.938     -9.559    -13.043    -16.397    -19.626    -19.626    -17.092    -14.660    -12.325    -10.082     -7.927     -5.855     -3.863     -1.946     -0.100 
      0.231     -8.067     -4.598     -1.298      1.841      4.831      7.679     10.395     12.987     15.461     17.824     17.824     12.928      8.226      3.708     -0.633     -4.807     -8.822    -12.685    -16.403    -19.984    -19.984    -17.403    -14.927    -12.549    -10.266     -8.071     -5.961     -3.932     -1.980     -0.100 
      0.244    -15.762    -11.898     -8.223     -4.727     -1.397      1.775      4.800      7.686     10.441     13.072     13.072      8.614      4.333      0.219     -3.734     -7.534    -11.190    -14.707    -18.093    -21.353    -21.353    -18.595    -15.948    -13.407    -10.966     -8.620     -6.365     -4.196     -2.109     -0.100 
    455.000    340.000    344.444    348.889    353.333    357.778    362.222    366.667    371.111    375.556    380.000    380.000    383.889    387.778    391.667    395.556    399.444    403.333    407.222    411.111    415.000    415.000    419.444    423.889    428.333    432.778    437.222    441.667    446.111    450.556    455.000 
      0.006     -3.167     -2.964     -2.771     -2.588     -2.413     -2.247     -2.088     -1.937     -1.792     -1.654     -1.654     -1.563     -1.475     -1.391     -1.310     -1.232     -1.157     -1.085     -1.016     -0.949     -0.949     -0.839     -0.734     -0.632     -0.535     -0.441     -0.351     -0.264     -0.180     -0.100 
      0.018     -9.353     -8.773     -8.222     -7.697     -7.198     -6.722     -6.268     -5.836     -5.423     -5.029     -5.029     -4.697     -4.379     -4.074     -3.780     -3.497     -3.226     -2.964     -2.713     -2.471     -2.471     -2.163     -1.868     -1.585     -1.313     -1.051     -0.799     -0.557     -0.324     -0.100 
      0.035     -5.259     -4.517     -3.812     -3.140     -2.500     -1.890     -1.309     -0.753     -0.223      0.284      0.284     -0.278     -0.817     -1.336     -1.834     -2.313     -2.774     -3.218     -3.644     -4.055     -4.055     -3.543     -3.051     -2.579     -2.125     -1.688     -1.268     -0.864     -0.475     -0.100 
      0.057     -0.293      0.669      1.585      2.457      3.288      4.081      4.838      5.561      6.251      6.912      6.912      5.228      3.611      2.057      0.564     -0.871     -2.252     -3.580     -4.859     -6.090     -6.090     -5.315     -4.570     -3.855     -3.167     -2.506     -1.870     -1.257     -0.668     -0.100 
      0.082     -7.042     -5.486     -4.005     -2.595     -1.252      0.029      1.251      2.417      3.532      4.597      4.597      2.850      1.172     -0.440     -1.989     -3.478     -4.911     -6.289     -7.615     -8.893     -8.893     -7.754     -6.661     -5.610     -4.601     -3.630     -2.697     -1.798     -0.933     -0.100 
      0.108     -1.859     -0.052      1.668      3.306      4.866      6.355      7.775      9.131     10.426     11.665     11.665      8.720      5.891      3.174      0.563     -1.948     -4.363     -6.686     -8.923    -11.076    -11.076     -9.655     -8.290     -6.979     -5.719     -4.507     -3.342     -2.220     -1.140     -0.100 
      0.132     -7.382     -5.052     -2.836     -0.726      1.285      3.202      5.031      6.776      8.444     10.038     10.038      6.980      4.043      1.222     -1.490     -4.097     -6.604     -9.017    -11.339    -13.575    -13.575    -11.829    -10.153     -8.543     -6.996     -5.509     -4.078     -2.702     -1.376     -0.100 
      0.155     -2.460      0.073      2.483      4.777      6.963      9.047     11.035     12.933     14.747     16.480     16.480     12.357      8.398      4.595      0.939     -2.575     -5.955     -9.207    -12.338    -15.352    -15.352    -13.376    -11.478     -9.656     -7.905     -6.221     -4.602     -3.044     -1.544     -0.100 
      0.175    -10.639     -7.612     -4.733     -1.992      0.618      3.107      5.480      7.745      9.908     11.975     11.975      8.178      4.532      1.029     -2.337     -5.574     -8.686    -11.682    -14.565    -17.341    -17.341    -15.106    -12.960    -10.900     -8.920     -7.017     -5.187     -3.426     -1.732     -0.100 
      0.193     -5.858     -2.757      0.192      2.999      5.672      8.221     10.651     12.970     15.185     17.302     17.302     12.705      8.291      4.050     -0.026     -3.945     -7.714    -11.340    -14.830    -18.191    -18.191    -15.845    -13.594    -11.431     -9.354     -7.357     -5.437     -3.590     -1.812     -0.100 
      0.209     -0.132      3.070      6.115      9.014     11.775     14.406     16.916     19.311     21.599     23.784     23.784     18.186     12.810      7.646      2.683     -2.089     -6.679    -11.095    -15.346    -19.439    -19.439    -16.930    -14.523    -12.211     -9.990     -7.856     -5.804     -3.829     -1.929     -0.100 
      0.222     -9.053     -5.572     -2.261      0.890      3.890      6.749      9.476     12.077     14.561     16.933     16.933     12.156      7.568      3.160     -1.075     -5.148     -9.065    -12.834    -16.461    -19.954    -19.954    -17.378    -14.906    -12.532    -10.252     -8.060     -5.954     -3.927     -1.977     -0.100 
      0.227     -7.805     -4.300     -0.968      2.204      5.225      8.103     10.848     13.467     15.967     18.356     18.356     13.355      8.553      3.939     -0.494     -4.757     -8.858    -12.803    -16.600    -20.256    -20.256    -17.641    -15.131    -12.721    -10.407     -8.182     -6.043     -3.986     -2.006     -0.100 
      0.236    -14.344    -10.531     -6.906     -3.456     -0.171      2.960      5.945      8.793     11.512     14.110     14.110      9.531      5.133      0.908     -3.152     -7.056    -10.810    -14.423    -17.900    -21.248    -21.248    -18.504    -15.871    -13.343    -10.914     -8.580     -6.336     -4.177     -2.100     -0.100 
