      6.406    509.213    507.181    503.836    503.592    503.544    503.377
     12.812    560.113    556.512    550.838    550.424    550.344    550.061
     19.218    640.876    634.748    625.425    624.743    624.614    624.148
     25.624    730.033    721.196    708.284    707.339    707.163    706.516
     32.030    795.180    783.869    769.292    768.225    768.028    767.299
     38.436    840.007    827.681    812.804    811.714    811.515    810.770
     44.842    867.236    855.406    841.237    840.197    840.010    839.299
     51.248    881.953    871.178    858.335    857.392    857.223    856.578
     57.654    888.003    878.570    867.359    866.534    866.386    865.822
     64.060    892.404    884.200    874.462    873.745    873.617    873.126
     70.466    895.643    888.536    880.107    879.485    879.375    878.949
     76.872    905.556    899.044    891.327    890.757    890.655    890.266
     83.278    915.111    909.103    901.998    901.473    901.380    901.021
     89.684    933.394    927.373    920.268    919.742    919.649    919.290
     96.090    955.155    948.919    941.593    941.051    940.955    940.584
    108.902    506.641    504.721    501.592    501.360    501.315    501.156
    115.308    555.915    552.512    547.194    546.800    546.725    546.455
    121.714    634.151    628.352    619.603    618.955    618.832    618.388
    128.120    720.591    712.251    700.145    699.247    699.079    698.465
    134.526    783.858    773.342    759.716    758.705    758.518    757.827
    140.932    827.938    816.364    802.507    801.477    801.290    800.586
    147.338    855.125    844.059    830.909    829.931    829.754    829.085
    153.744    870.464    860.419    848.536    847.651    847.492    846.887
    160.150    877.571    868.801    858.455    857.684    857.546    857.018
    166.556    882.862    875.261    866.307    865.639    865.519    865.062
    172.962    887.104    880.533    872.801    872.223    872.120    871.725
    179.368    897.545    891.534    884.466    883.938    883.843    883.482
    185.774    907.596    902.058    895.561    895.074    894.988    894.655
    192.180    925.772    920.227    913.737    913.251    913.165    912.832
    198.586    947.206    941.472    934.786    934.285    934.197    933.854
    211.398    502.548    500.801    497.982    497.770    497.729    497.584
    217.804    548.961    545.876    541.086    540.726    540.658    540.412
    224.210    622.839    617.580    609.692    609.100    608.987    608.582
    230.616    704.998    697.453    686.540    685.720    685.567    685.006
    237.022    766.060    756.734    744.462    743.539    743.369    742.738
    243.428    810.032    799.547    787.072    786.134    785.963    785.321
    249.834    838.191    828.170    816.334    815.443    815.281    814.671
    256.240    855.223    846.123    835.426    834.619    834.474    833.922
    262.646    864.340    856.392    847.074    846.371    846.245    845.764
    269.052    871.328    864.441    856.380    855.771    855.662    855.245
    275.458    877.119    871.164    864.204    863.677    863.583    863.223
    281.864    888.411    882.962    876.599    876.117    876.031    875.702
    288.270    899.198    894.177    888.328    887.884    887.805    887.502
    294.676    917.392    912.365    906.521    906.078    905.999    905.696
    301.082    938.586    933.387    927.368    926.911    926.830    926.518
    313.894    512.614    510.615    507.420    507.177    507.130    506.964
    320.300    571.445    567.826    562.305    561.885    561.805    561.517
    326.706    645.653    640.099    631.935    631.314    631.197    630.772
    333.112    728.384    720.796    710.052    709.234    709.082    708.522
    339.518    795.775    786.193    774.169    773.254    773.085    772.459
    345.924    850.663    840.045    827.586    826.637    826.464    825.814
    352.330    892.278    881.806    869.630    868.701    868.534    867.898
    358.736    921.871    912.049    900.716    899.850    899.696    899.103
    365.142    939.173    930.445    920.438    919.673    919.537    919.014
    371.548    952.711    945.060    936.318    935.649    935.532    935.074
    377.954    956.647    950.316    943.104    942.551    942.454    942.076
    390.766    494.725    493.307    491.057    490.884    490.850    490.732
    397.172    535.694    533.206    529.384    529.090    529.034    528.833
    403.578    601.214    596.969    590.663    590.179    590.087    589.755
    409.984    675.310    669.239    660.508    659.837    659.711    659.252
    416.390    732.600    725.346    715.526    714.771    714.631    714.114
    422.796    776.169    768.087    758.092    757.323    757.182    756.656
    429.202    806.892    798.761    789.258    788.526    788.393    787.892
    435.608    827.319    819.915    811.305    810.641    810.521    810.066
    442.014    840.320    833.833    826.314    825.734    825.629    825.232
    448.420    850.620    844.991    838.479    837.976    837.885    837.541
    454.826    859.332    854.455    848.823    848.388    848.310    848.012
    461.232    872.237    867.766    862.611    862.212    862.141    861.868
    467.638    884.401    880.278    875.533    875.166    875.100    874.849
    474.044    902.685    898.552    893.807    893.439    893.374    893.122
    480.450    923.511    919.235    914.345    913.966    913.899    913.640
    493.262    496.352    494.972    492.800    492.632    492.599    492.484
    499.668    539.669    537.281    533.647    533.364    533.310    533.117
    506.074    601.644    597.824    592.214    591.779    591.696    591.398
    512.480    675.132    669.756    662.092    661.496    661.384    660.976
    518.886    736.743    730.281    721.604    720.930    720.804    720.343
    525.292    788.478    781.092    772.099    771.399    771.271    770.792
    531.698    827.254    819.777    811.121    810.447    810.325    809.864
    538.104    857.081    850.124    842.119    841.495    841.383    840.956
    544.510    876.852    870.710    863.677    863.128    863.030    862.654
    550.916    895.492    890.017    883.768    883.280    883.193    882.859
    557.322    907.771    903.068    897.721    897.303    897.229    896.943
    563.728    922.786    918.550    913.745    913.369    913.303    913.045
    576.540    500.150    498.672    496.363    496.182    496.147    496.023
    582.946    549.937    547.291    543.302    542.989    542.930    542.716
    589.352    614.174    610.104    604.192    603.729    603.641    603.324
    595.758    687.458    681.917    674.116    673.504    673.390    672.971
    602.164    750.139    743.456    734.702    734.016    733.889    733.419
    608.570    804.400    796.696    787.590    786.875    786.745    786.256
    614.976    848.158    840.365    831.425    830.723    830.596    830.115
    621.382    881.618    874.278    865.916    865.259    865.141    864.691
    627.788    904.244    897.694    890.276    889.692    889.588    889.188
    634.194    922.519    916.754    910.252    909.740    909.649    909.299
    640.600    932.037    927.243    921.858    921.434    921.359    921.069
    653.412    490.636    489.494    487.720    487.580    487.553    487.457
    659.818    530.154    528.186    525.216    524.981    524.936    524.775
    666.224    587.144    583.999    579.404    579.041    578.972    578.724
    672.630    655.631    651.193    644.901    644.403    644.310    643.969
    679.036    714.893    709.657    702.519    701.954    701.849    701.463
    685.442    766.132    760.178    752.760    752.172    752.064    751.662
    691.848    806.343    800.099    792.936    792.369    792.265    791.877
    698.254    838.149    832.320    825.674    825.147    825.052    824.691
    704.660    860.519    855.357    849.500    849.035    848.952    848.634
    711.066    881.133    876.522    871.309    870.895    870.821    870.538
    717.472    895.619    891.652    887.182    886.827    886.764    886.521
    723.878    912.012    908.429    904.403    904.083    904.026    903.807
    736.690    488.331    487.285    485.669    485.541    485.516    485.428
    743.096    526.324    524.523    521.817    521.602    521.561    521.413
    749.502    581.311    578.434    574.242    573.908    573.845    573.616
    755.908    647.791    643.724    637.977    637.518    637.432    637.119
    762.314    706.142    701.365    694.836    694.316    694.219    693.863
    768.720    757.179    751.769    744.973    744.431    744.331    743.960
    775.126    797.884    792.180    785.608    785.084    784.988    784.629
    781.532    830.528    825.148    819.041    818.553    818.465    818.131
    787.938    853.937    849.165    843.776    843.345    843.267    842.972
    794.344    875.342    871.076    866.275    865.891    865.822    865.559
    800.750    890.716    887.043    882.922    882.593    882.534    882.308
    807.156    907.662    904.339    900.624    900.327    900.274    900.070
    819.968    491.947    490.811    489.065    488.925    488.898    488.802
    826.374    535.856    533.832    530.814    530.572    530.526    530.360
    832.780    593.592    590.471    585.984    585.625    585.556    585.310
    839.186    660.761    656.508    650.565    650.088    649.998    649.672
    845.592    720.570    715.567    708.872    708.335    708.235    707.867
    851.998    774.128    768.396    761.398    760.836    760.733    760.348
    858.404    819.369    813.276    806.371    805.816    805.715    805.335
    864.810    855.306    849.540    843.050    842.528    842.434    842.077
    871.216    881.369    876.202    870.418    869.953    869.869    869.550
    877.622    902.717    898.155    893.072    892.663    892.590    892.310
    884.028    915.866    912.059    907.835    907.495    907.434    907.201
      6.406    525.981    523.397    519.144    518.833    518.772    518.560
     12.812    594.484    589.752    582.400    581.863    581.760    581.393
     19.218    679.416    672.158    661.299    660.505    660.355    659.812
     25.624    773.028    762.779    748.470    747.423    747.228    746.512
     32.030    846.505    833.245    817.178    816.002    815.787    814.982
     38.436    902.836    888.880    872.179    870.955    870.734    869.897
     44.842    943.424    929.599    913.235    912.034    911.820    910.999
     51.248    969.572    956.566    941.309    940.188    939.990    939.224
     57.654    981.372    969.809    956.324    955.332    955.158    954.480
     64.060    989.995    979.843    968.038    967.168    967.016    966.421
     70.466    987.447    979.057    969.317    968.598    968.474    967.982
     83.278    522.698    520.258    516.280    515.985    515.928    515.727
     89.684    588.936    584.474    577.593    577.083    576.985    576.636
     96.090    671.266    664.422    654.256    653.503    653.360    652.845
    102.496    761.967    752.406    739.032    738.040    737.855    737.177
    108.902    833.529    821.125    806.155    805.045    804.841    804.081
    115.308    888.727    875.673    860.171    859.019    858.811    858.023
    121.714    928.926    916.054    900.919    899.794    899.593    898.823
    128.120    955.484    943.417    929.354    928.306    928.121    927.404
    134.526    968.467    957.769    945.372    944.448    944.286    943.654
    140.932    978.200    968.836    958.017    957.209    957.068    956.516
    147.338    977.492    969.763    960.852    960.185    960.070    959.614
    160.150    549.304    545.849    540.266    539.848    539.767    539.481
    166.556    642.681    636.011    625.999    625.249    625.106    624.593
    172.962    751.849    741.562    726.819    725.714    725.507    724.751
    179.368    864.450    848.846    829.823    828.396    828.134    827.158
    185.774    952.974    934.546    912.978    911.358    911.067    909.960
    192.180   1016.109    996.586    974.172    972.487    972.190    971.038
    198.586   1047.946   1029.105   1007.779   1006.173   1005.896   1004.798
    204.992   1053.962   1037.252   1018.466   1017.049   1016.808   1015.838
    211.398   1038.867   1025.286   1010.037   1008.885   1008.689   1007.901
    217.804   1030.359   1019.202   1006.633   1005.682   1005.520   1004.868
    230.616    503.608    501.914    499.209    499.003    498.963    498.822
    237.022    551.775    548.826    544.299    543.954    543.888    543.652
    243.428    620.056    615.350    608.376    607.845    607.745    607.381
    249.834    699.903    693.268    683.757    683.032    682.897    682.401
    256.240    764.572    756.383    745.633    744.814    744.663    744.102
    262.646    816.941    807.510    796.397    795.549    795.395    794.814
    269.052    853.700    844.573    833.908    833.094    832.947    832.389
    275.458    880.958    872.494    862.664    861.913    861.778    861.264
    281.864    897.407    889.957    881.346    880.687    880.570    880.119
    288.270    913.544    906.916    899.279    898.694    898.591    898.190
    294.676    923.029    917.349    910.826    910.326    910.238    909.896
    301.082    936.286    931.186    925.340    924.892    924.813    924.506
    313.894    507.620    505.820    502.967    502.748    502.706    502.555
    320.300    562.802    559.558    554.630    554.251    554.179    553.919
    326.706    632.977    627.995    620.705    620.144    620.038    619.654
    333.112    711.857    705.063    695.463    694.724    694.586    694.080
    339.518    777.256    768.845    758.096    757.268    757.115    756.549
    345.924    831.960    822.406    811.256    810.396    810.240    809.651
    352.330    874.344    864.909    853.996    853.154    853.003    852.426
    358.736    905.480    896.623    886.450    885.664    885.524    884.986
    365.142    924.937    917.054    908.056    907.360    907.237    906.760
    371.548    940.398    933.476    925.607    924.998    924.890    924.473
    377.954    946.603    940.866    934.365    933.861    933.773    933.428
    390.766    526.822    524.318    520.376    520.070    520.011    519.801
    397.172    601.708    596.982    589.964    589.420    589.316    588.943
    403.578    690.851    683.653    673.388    672.592    672.442    671.897
    409.984    783.744    773.732    760.592    759.571    759.383    758.684
    416.390    862.260    849.489    834.707    833.558    833.349    832.563
    422.796    922.229    908.847    893.563    892.373    892.160    891.346
    429.202    959.404    946.536    932.018    930.887    930.687    929.912
    435.608    976.784    965.326    952.505    951.504    951.330    950.645
    442.014    978.100    968.636    958.086    957.262    957.119    956.555
    448.420    978.420    970.697    962.090    961.417    961.300    960.839
    461.232    488.449    487.287    485.471    485.328    485.301    485.203
    467.638    525.073    523.043    519.958    519.716    519.669    519.504
    474.044    583.864    580.407    575.307    574.907    574.831    574.557
    480.450    651.521    646.568    639.499    638.944    638.840    638.460
    486.856    705.924    700.151    692.191    691.566    691.450    691.022
    493.262    749.216    742.831    734.714    734.076    733.959    733.522
    499.668    781.673    775.129    767.392    766.784    766.673    766.256
    506.074    804.941    798.829    791.799    791.246    791.146    790.767
    512.480    821.033    815.662    809.507    809.022    808.935    808.603
    518.886    834.008    829.339    824.001    823.580    823.505    823.216
    525.292    845.062    841.010    836.386    836.022    835.956    835.707
    531.698    859.260    855.538    851.299    850.965    850.905    850.676
    538.104    872.531    869.093    865.188    864.879    864.824    864.613
    544.510    890.884    887.435    883.525    883.216    883.161    882.949
    550.916    911.416    907.846    903.813    903.494    903.438    903.220
    563.728    516.179    514.122    510.928    510.675    510.627    510.454
    570.134    582.535    578.699    573.033    572.584    572.499    572.192
    576.540    662.597    656.774    648.508    647.855    647.732    647.284
    582.946    747.033    739.215    728.667    727.832    727.677    727.105
    589.352    820.769    810.741    798.907    797.970    797.799    797.157
    595.758    879.872    869.106    856.886    855.917    855.743    855.080
    602.164    919.573    909.241    897.631    896.710    896.546    895.915
    608.570    942.071    932.852    922.580    921.764    921.620    921.061
    614.976    950.582    942.898    934.376    933.698    933.579    933.115
    621.382    955.039    948.807    941.907    941.357    941.261    940.885
    634.194    494.104    492.871    490.972    490.820    490.791    490.687
    640.600    539.545    537.346    534.064    533.802    533.752    533.572
    647.006    598.965    595.576    590.702    590.313    590.239    589.972
    653.412    667.692    663.081    656.633    656.118    656.022    655.669
    659.818    728.196    722.741    715.489    714.909    714.802    714.405
    666.224    781.894    775.638    768.070    767.465    767.354    766.940
    672.630    826.741    820.176    812.722    812.125    812.017    811.609
    679.036    862.020    855.816    848.822    848.262    848.161    847.777
    685.442    887.188    881.636    875.412    874.913    874.824    874.483
    691.848    907.746    902.849    897.384    896.945    896.868    896.567
    698.254    919.966    915.884    911.347    910.983    910.918    910.669
    711.066    482.034    481.139    479.767    479.657    479.636    479.560
    717.472    514.253    512.697    510.364    510.176    510.140    510.012
    723.878    566.217    563.568    559.698    559.386    559.327    559.114
    730.284    627.392    623.586    618.205    617.772    617.691    617.394
    736.690    679.114    674.686    668.611    668.123    668.032    667.697
    743.096    722.113    717.333    711.117    710.617    710.525    710.182
    749.502    756.166    751.272    745.324    744.845    744.757    744.429
    755.908    782.265    777.529    772.104    771.667    771.587    771.288
    762.314    801.509    797.290    792.522    792.138    792.068    791.805
    768.720    817.180    813.505    809.364    809.030    808.970    808.741
    775.126    830.600    827.403    823.809    823.518    823.466    823.267
    781.532    846.100    843.157    839.856    839.589    839.541    839.358
    787.938    860.491    857.768    854.722    854.475    854.431    854.263
    794.344    878.913    876.177    873.122    872.875    872.831    872.662
    800.750    899.148    896.314    893.160    892.905    892.859    892.685
      6.406    504.929    502.897    499.552    499.308    499.260    499.093
     12.812    552.678    549.095    543.431    543.017    542.938    542.655
     19.218    628.421    622.331    613.034    612.354    612.225    611.760
     25.624    712.273    703.534    690.684    689.744    689.568    688.925
     32.030    774.328    763.419    748.947    747.888    747.692    746.967
     38.436    818.669    806.484    791.733    790.653    790.455    789.716
     44.842    846.714    835.028    820.986    819.956    819.769    819.064
     51.248    863.254    852.606    839.876    838.940    838.772    838.132
     57.654    871.636    862.307    851.186    850.368    850.221    849.661
     64.060    878.174    870.052    860.383    859.671    859.543    859.056
     70.466    883.319    876.274    867.897    867.280    867.169    866.747
     76.872    894.269    887.806    880.131    879.564    879.463    879.076
     83.278    904.706    898.740    891.671    891.148    891.055    890.698
     89.684    922.977    916.995    909.922    909.399    909.307    908.949
     96.090    944.388    938.195    930.902    930.363    930.267    929.898
    108.902    508.345    506.276    502.910    502.660    502.612    502.441
    115.308    559.544    555.931    550.302    549.885    549.805    549.519
    121.714    631.528    625.780    617.135    616.493    616.371    615.931
    128.120    714.844    706.741    694.981    694.107    693.943    693.345
    134.526    780.979    770.819    757.552    756.565    756.383    755.708
    140.932    833.138    821.691    807.999    806.980    806.794    806.097
    147.338    868.620    857.559    844.441    843.464    843.287    842.619
    153.744    894.214    883.974    871.905    871.004    870.843    870.227
    160.150    908.702    899.697    889.137    888.348    888.207    887.668
    166.556    923.505    915.494    906.127    905.426    905.302    904.823
    172.962    931.442    924.580    916.581    915.982    915.876    915.466
    179.368    943.671    937.519    930.358    929.821    929.727    929.360
    192.180    513.128    510.910    507.332    507.063    507.011    506.827
    198.586    572.137    568.123    561.948    561.484    561.395    561.078
    204.992    646.269    640.120    631.008    630.323    630.193    629.725
    211.398    728.569    720.185    708.220    707.320    707.152    706.536
    217.804    795.340    784.781    771.420    770.415    770.229    769.541
    224.210    849.604    837.922    824.107    823.065    822.876    822.164
    230.616    890.686    879.183    865.704    864.687    864.504    863.809
    237.022    919.964    909.192    896.663    895.717    895.548    894.900
    243.428    937.204    927.642    916.589    915.753    915.605    915.033
    249.834    950.878    942.495    932.840    932.109    931.981    931.480
    256.240    955.021    948.087    940.123    939.520    939.414    939.001
    269.052    500.254    498.560    495.852    495.646    495.607    495.465
    275.458    546.044    543.106    538.581    538.237    538.171    537.935
    281.864    611.064    606.379    599.416    598.885    598.785    598.422
    288.270    687.329    680.744    671.261    670.539    670.403    669.909
    294.676    749.882    741.887    731.185    730.370    730.219    729.661
    301.082    801.421    792.274    781.220    780.377    780.223    779.646
    307.488    838.838    829.787    819.184    818.375    818.228    817.674
    313.894    867.165    858.771    848.997    848.251    848.116    847.605
    320.300    885.271    877.881    869.316    868.660    868.543    868.095
    326.706    902.759    896.180    888.579    887.997    887.893    887.495
    333.112    913.802    908.159    901.664    901.166    901.078    900.737
    339.518    928.013    922.941    917.115    916.668    916.589    916.283
    352.330    496.600    495.073    492.654    492.468    492.432    492.304
    358.736    539.961    537.322    533.278    532.967    532.907    532.694
    365.142    601.830    597.617    591.387    590.908    590.817    590.489
    371.548    674.937    669.021    660.528    659.874    659.751    659.304
    377.954    735.996    728.905    719.313    718.575    718.437    717.932
    384.360    787.232    779.152    769.233    768.468    768.328    767.805
    390.766    825.656    817.478    807.950    807.214    807.081    806.578
    397.172    855.262    847.665    838.867    838.188    838.065    837.600
    403.578    875.020    868.321    860.600    860.003    859.896    859.488
    409.984    893.748    887.780    880.922    880.391    880.297    879.933
    416.390    906.181    901.056    895.190    894.736    894.656    894.345
    422.796    921.264    916.651    911.384    910.975    910.903    910.624
    435.608    488.722    487.440    485.422    485.265    485.235    485.128
    442.014    525.444    523.208    519.783    519.517    519.466    519.284
    448.420    584.266    580.464    574.813    574.375    574.291    573.991
    454.826    651.720    646.285    638.466    637.859    637.745    637.329
    461.232    705.728    699.405    690.619    689.936    689.809    689.342
    467.638    748.658    741.680    732.736    732.041    731.912    731.437
    474.044    780.846    773.711    765.199    764.536    764.415    763.962
    480.450    803.965    797.300    789.575    788.973    788.864    788.452
    486.856    820.009    814.157    807.400    806.873    806.778    806.417
    493.262    833.051    827.965    822.105    821.648    821.565    821.253
    499.668    844.171    839.757    834.683    834.286    834.215    833.944
    506.074    858.389    854.337    849.686    849.322    849.257    849.008
    512.480    871.679    867.938    863.654    863.319    863.259    863.030
    518.886    889.985    886.232    881.945    881.609    881.550    881.320
    525.292    910.440    906.557    902.137    901.791    901.729    901.493
    538.104    516.607    514.341    510.797    510.520    510.466    510.276
    544.510    583.170    578.944    572.658    572.166    572.072    571.735
    550.916    663.301    656.889    647.722    647.004    646.869    646.377
    557.322    747.601    738.989    727.295    726.379    726.208    725.581
    563.728    821.064    810.028    796.916    795.887    795.699    794.995
    570.134    879.759    867.918    854.388    853.326    853.134    852.407
    576.540    919.073    907.718    894.874    893.864    893.684    892.993
    582.946    941.324    931.202    919.846    918.952    918.794    918.182
    589.352    949.423    941.013    931.622    930.882    930.752    930.246
    595.758    954.564    947.709    940.066    939.463    939.357    938.944
    608.570    512.065    510.007    506.811    506.558    506.509    506.336
    614.976    575.043    571.224    565.563    565.115    565.030    564.724
    621.382    651.394    645.606    637.359    636.707    636.584    636.137
    627.788    732.256    724.592    714.084    713.252    713.097    712.528
    634.194    803.677    793.955    782.185    781.253    781.081    780.443
    640.600    862.162    851.495    839.354    838.391    838.217    837.559
    647.006    902.567    892.338    880.810    879.895    879.731    879.105
    653.412    926.938    917.815    907.612    906.802    906.658    906.103
    659.818    938.005    930.392    921.921    921.248    921.129    920.668
    666.224    944.856    938.672    931.806    931.259    931.164    930.789
    679.036    486.070    485.025    483.413    483.285    483.260    483.172
    685.442    522.484    520.689    517.992    517.777    517.735    517.588
    691.848    575.269    572.407    568.232    567.898    567.835    567.607
    698.254    639.339    635.296    629.577    629.120    629.033    628.720
    704.660    696.322    691.585    685.095    684.576    684.480    684.125
    711.066    746.720    741.417    734.666    734.126    734.026    733.657
    717.472    787.613    782.042    775.515    774.993    774.897    774.540
    723.878    820.989    815.643    809.578    809.092    809.004    808.672
    730.284    845.468    840.725    835.371    834.942    834.865    834.571
    736.690    867.770    863.527    858.756    858.373    858.305    858.043
    743.096    884.198    880.544    876.448    876.119    876.060    875.835
    749.502    901.774    898.467    894.772    894.476    894.423    894.220
    762.314    489.487    488.351    486.610    486.470    486.443    486.347
    768.720    531.537    529.520    526.513    526.271    526.225    526.059
    775.126    587.054    583.952    579.484    579.125    579.057    578.810
    781.532    651.922    647.695    641.783    641.307    641.217    640.892
    787.938    710.348    705.428    698.774    698.238    698.139    697.772
    794.344    763.233    757.621    750.670    750.110    750.007    749.624
    800.750    808.561    802.509    795.653    795.100    795.000    794.621
    807.156    845.055    839.328    832.885    832.365    832.271    831.916
    813.562    872.179    867.045    861.302    860.838    860.755    860.438
    819.968    894.610    890.076    885.027    884.619    884.547    884.268
    826.374    909.113    905.327    901.129    900.790    900.730    900.498
      6.406    535.929    533.345    529.091    528.780    528.720    528.507
     12.812    612.206    607.416    600.037    599.497    599.395    599.026
     19.218    706.267    698.897    687.962    687.162    687.012    686.465
     25.624    809.763    798.967    784.503    783.445    783.250    782.526
     32.030    888.415    874.881    858.568    857.374    857.158    856.341
     38.436    947.126    932.819    915.816    914.570    914.347    913.495
     44.842    987.281    973.060    956.374    955.150    954.934    954.097
     51.248   1010.685    997.299    981.740    980.597    980.399    979.617
     57.654   1017.786   1005.911    992.172    991.162    990.987    990.296
     64.060   1021.878   1011.487    999.483    998.599    998.447    997.842
     70.466   1013.745   1005.183    995.299    994.569    994.445    993.946
     83.278    532.129    529.689    525.711    525.416    525.359    525.157
     89.684    605.733    601.219    594.312    593.800    593.703    593.353
     96.090    696.698    689.753    679.520    678.761    678.619    678.100
    102.496    796.654    786.619    773.106    772.104    771.919    771.234
    108.902    873.052    860.356    845.168    844.042    843.837    843.066
    115.308    930.280    916.925    901.156    899.985    899.776    898.975
    121.714    969.931    956.716    941.302    940.157    939.954    939.170
    128.120    993.805    981.413    967.089    966.022    965.836    965.107
    134.526   1002.331    991.361    978.747    977.806    977.644    977.000
    140.932   1007.766    998.194    987.205    986.385    986.244    985.683
    147.338   1001.842    993.964    984.930    984.255    984.139    983.677
    160.150    562.695    559.241    553.656    553.238    553.157    552.871
    166.556    667.641    660.896    650.829    650.075    649.932    649.416
    172.962    790.050    779.375    764.481    763.365    763.158    762.394
    179.368    915.433    899.151    879.821    878.372    878.109    877.117
    185.774   1011.940    992.927    970.874    969.220    968.926    967.794
    192.180   1078.314   1058.029   1035.008   1033.279   1032.980   1031.797
    198.586   1107.518   1087.898   1065.946   1064.295   1064.016   1062.886
    204.992   1106.521   1089.136   1069.812   1068.356   1068.114   1067.118
    211.398   1081.482   1067.417   1051.780   1050.600   1050.403   1049.595
    217.804   1065.396   1053.921   1041.093   1040.123   1039.961   1039.297
    230.616    510.204    508.510    505.803    505.597    505.557    505.416
    237.022    563.046    560.074    555.532    555.186    555.121    554.884
    243.428    637.742    632.992    625.983    625.449    625.349    624.984
    249.834    724.634    717.894    708.310    707.581    707.445    706.946
    256.240    793.497    784.891    774.026    773.199    773.047    772.481
    262.646    847.055    837.472    826.218    825.360    825.205    824.618
    269.052    882.937    873.651    862.842    862.017    861.870    861.305
    275.458    908.094    899.483    889.521    888.761    888.626    888.105
    281.864    921.284    913.706    904.986    904.320    904.202    903.745
    288.270    934.757    928.027    920.305    919.714    919.610    919.206
    294.676    941.176    935.418    928.829    928.325    928.236    927.891
    301.082    952.559    947.399    941.501    941.049    940.971    940.661
    313.894    500.041    498.624    496.374    496.201    496.168    496.050
    320.300    544.879    542.376    538.547    538.253    538.197    537.996
    326.706    616.614    612.333    606.007    605.521    605.429    605.097
    333.112    697.154    691.003    682.222    681.547    681.421    680.960
    339.518    757.958    750.399    740.494    739.733    739.593    739.072
    345.924    802.522    793.991    783.895    783.119    782.978    782.446
    352.330    831.900    823.651    814.047    813.308    813.175    812.668
    358.736    850.131    842.624    833.924    833.254    833.133    832.674
    365.142    860.320    853.750    846.159    845.574    845.469    845.069
    371.548    867.981    862.288    855.722    855.215    855.125    854.777
    377.954    874.370    869.445    863.773    863.334    863.257    862.956
    384.360    886.021    881.512    876.324    875.923    875.852    875.577
    390.766    897.112    892.955    888.183    887.813    887.748    887.495
    397.172    915.418    911.253    906.482    906.113    906.048    905.795
    403.578    936.665    932.356    927.439    927.058    926.992    926.731
    416.390    509.875    508.248    505.686    505.488    505.449    505.313
    422.796    566.937    563.992    559.557    559.213    559.148    558.912
    429.202    639.557    635.023    628.445    627.935    627.838    627.489
    435.608    721.273    715.063    706.371    705.696    705.571    705.109
    442.014    788.730    780.920    771.153    770.395    770.256    769.736
    448.420    844.513    835.741    825.580    824.790    824.647    824.106
    454.826    887.330    878.645    868.676    867.900    867.761    867.230
    461.232    918.125    909.953    900.643    899.918    899.790    899.293
    467.638    936.489    929.207    920.964    920.322    920.209    919.769
    474.044    950.683    944.291    937.083    936.520    936.422    936.037
    480.450    955.255    949.957    944.001    943.536    943.455    943.136
    493.262    498.015    496.763    494.805    494.652    494.622    494.517
    499.668    542.606    540.432    537.150    536.893    536.844    536.668
    506.074    606.497    603.012    597.934    597.536    597.461    597.188
    512.480    682.322    677.399    670.440    669.894    669.792    669.419
    518.886    745.597    739.609    731.706    731.087    730.973    730.548
    525.292    798.288    791.394    783.181    782.537    782.420    781.978
    531.698    837.117    830.222    822.300    821.678    821.566    821.140
    538.104    866.615    860.189    852.852    852.275    852.172    851.777
    544.510    885.514    879.836    873.382    872.874    872.784    872.436
    550.916    903.335    898.272    892.538    892.087    892.007    891.698
    557.322    914.604    910.255    905.347    904.960    904.892    904.627
    563.728    929.035    925.117    920.706    920.358    920.297    920.059
    576.540    494.950    493.808    492.035    491.895    491.868    491.772
    582.946    537.486    535.509    532.534    532.299    532.255    532.094
    589.352    598.674    595.501    590.894    590.531    590.462    590.212
    595.758    671.748    667.266    660.947    660.447    660.354    660.012
    602.164    733.686    728.295    721.112    720.544    720.439    720.050
    608.570    786.064    779.877    772.403    771.811    771.703    771.298
    614.976    825.667    819.356    812.135    811.563    811.460    811.068
    621.382    856.232    850.340    843.641    843.110    843.015    842.651
    627.788    876.547    871.332    865.430    864.962    864.879    864.559
    634.194    895.448    890.794    885.546    885.129    885.056    884.770
    640.600    907.928    903.926    899.429    899.072    899.009    898.764
    647.006    923.115    919.505    915.458    915.136    915.080    914.859
    659.818    498.970    497.736    495.830    495.679    495.650    495.546
    666.224    548.093    545.880    542.581    542.319    542.269    542.089
    672.630    611.885    608.470    603.564    603.174    603.100    602.833
    679.036    685.161    680.495    673.995    673.477    673.380    673.026
    685.442    748.396    742.755    735.429    734.846    734.738    734.338
    691.848    803.406    796.872    789.218    788.608    788.497    788.079
    698.254    848.002    841.354    833.809    833.207    833.099    832.687
    704.660    882.148    875.864    868.784    868.219    868.118    867.731
    711.066    905.205    899.582    893.284    892.781    892.691    892.347
    717.472    923.620    918.664    913.138    912.696    912.618    912.315
    723.878    933.172    929.046    924.462    924.095    924.031    923.780
    736.690    515.015    513.290    510.637    510.425    510.384    510.238
    743.096    580.601    577.386    572.679    572.302    572.231    571.972
    749.502    660.055    655.174    648.305    647.755    647.651    647.274
    755.908    744.224    737.683    728.911    728.208    728.078    727.596
    762.314    818.097    809.709    799.857    799.067    798.923    798.382
    768.720    877.827    868.778    858.591    857.774    857.627    857.067
    775.126    918.326    909.629    899.935    899.156    899.018    898.485
    781.532    941.555    933.781    925.188    924.497    924.375    923.902
    787.938    951.240    944.717    937.540    936.962    936.861    936.466
    794.344    954.667    949.427    943.673    943.210    943.129    942.812
      6.406    519.042    516.851    513.244    512.980    512.929    512.748
     12.812    577.633    573.768    567.727    567.285    567.201    566.899
     19.218    659.617    653.460    644.171    643.491    643.363    642.898
     25.624    754.079    745.250    732.565    731.637    731.463    730.829
     32.030    827.247    815.599    801.197    800.143    799.949    799.228
     38.436    881.543    869.104    854.158    853.064    852.865    852.117
     44.842    916.032    903.947    889.566    888.512    888.323    887.602
     51.248    938.566    927.334    914.067    913.093    912.919    912.253
     57.654    948.021    938.129    926.502    925.646    925.496    924.911
     64.060    958.898    950.091    939.762    939.001    938.867    938.347
     70.466    961.968    954.422    945.593    944.942    944.829    944.383
     76.872    971.097    964.344    956.446    955.863    955.761    955.362
     89.684    564.595    560.774    554.536    554.074    553.985    553.669
     96.090    671.145    663.670    652.415    651.583    651.425    650.856
    102.496    795.394    783.502    766.832    765.599    765.369    764.526
    108.902    922.692    904.588    882.916    881.312    881.020    879.923
    115.308   1020.403    999.199    974.428    972.594    972.268    971.013
    121.714   1087.275   1064.603   1038.698   1036.777   1036.445   1035.132
    128.120   1116.090   1094.120   1069.383   1067.546   1067.236   1065.980
    134.526   1114.006   1094.521   1072.729   1071.108   1070.838   1069.729
    140.932   1086.566   1070.853   1053.272   1051.961   1051.743   1050.846
    147.338   1071.017   1058.117   1043.595   1042.510   1042.328   1041.585
    160.150    511.334    509.453    506.422    506.194    506.150    505.994
    166.556    564.834    561.534    556.452    556.070    555.998    555.736
    172.962    640.197    634.932    627.104    626.516    626.404    626.001
    179.368    727.509    720.049    709.368    708.564    708.414    707.864
    185.774    796.301    786.762    774.675    773.765    773.598    772.975
    192.180    849.412    838.848    826.350    825.408    825.237    824.593
    198.586    884.709    874.488    862.502    861.598    861.436    860.817
    204.992    909.335    899.869    888.837    888.004    887.856    887.286
    211.398    922.099    913.777    904.130    903.401    903.272    902.772
    217.804    935.368    927.979    919.437    918.790    918.676    918.233
    224.210    941.593    935.273    927.986    927.434    927.337    926.959
    230.616    952.814    947.154    940.635    940.141    940.055    939.716
    243.428    500.980    499.407    496.890    496.699    496.662    496.531
    249.834    546.386    543.609    539.330    539.004    538.943    538.720
    256.240    618.851    614.109    607.051    606.515    606.413    606.046
    262.646    699.859    693.052    683.273    682.530    682.391    681.882
    269.052    760.603    752.229    741.217    740.380    740.225    739.652
    275.458    804.825    795.386    784.180    783.327    783.171    782.588
    281.864    833.654    824.574    813.929    813.118    812.971    812.416
    288.270    851.396    843.143    833.512    832.777    832.645    832.143
    294.676    861.196    853.980    845.585    844.944    844.829    844.391
    301.082    868.654    862.402    855.140    854.585    854.486    854.106
    307.488    874.866    869.460    863.189    862.709    862.623    862.295
    313.894    886.405    881.456    875.722    875.283    875.205    874.904
    320.300    897.403    892.842    887.568    887.165    887.093    886.816
    326.706    915.648    911.080    905.810    905.406    905.335    905.058
    333.112    936.842    932.117    926.688    926.272    926.198    925.913
    345.924    510.815    509.015    506.160    505.940    505.898    505.748
    352.330    568.446    565.188    560.251    559.872    559.800    559.540
    358.736    641.503    636.496    629.186    628.624    628.518    628.133
    365.142    723.372    716.526    706.887    706.145    706.007    705.500
    371.548    790.590    781.979    771.172    770.340    770.188    769.618
    377.954    845.876    836.250    825.030    824.166    824.010    823.418
    384.360    888.122    878.611    867.625    866.778    866.626    866.047
    390.766    918.424    909.490    899.248    898.457    898.317    897.776
    397.172    936.433    928.484    919.428    918.728    918.605    918.126
    403.578    950.469    943.495    935.580    934.968    934.861    934.442
    409.984    954.933    949.157    942.622    942.116    942.028    941.681
    422.796    498.596    497.216    495.045    494.876    494.844    494.728
    429.202    543.490    541.096    537.460    537.178    537.124    536.930
    435.608    607.642    603.811    598.194    597.758    597.676    597.377
    442.014    683.517    678.114    670.434    669.837    669.725    669.317
    448.420    746.523    739.960    731.257    730.580    730.455    729.992
    454.826    798.832    791.292    782.266    781.564    781.436    780.955
    461.232    837.230    829.712    821.022    820.345    820.223    819.760
    467.638    866.379    859.384    851.348    850.721    850.609    850.180
    474.044    885.064    878.890    871.830    871.280    871.182    870.805
    480.450    902.809    897.307    891.038    890.549    890.462    890.127
    486.856    914.047    909.324    903.961    903.542    903.468    903.181
    493.262    928.431    924.179    919.362    918.986    918.919    918.662
    506.074    490.526    489.363    487.543    487.401    487.373    487.276
    512.480    528.652    526.617    523.522    523.280    523.234    523.068
    518.886    589.871    586.397    581.280    580.879    580.803    580.529
    525.292    660.030    655.049    647.949    647.393    647.289    646.908
    531.698    715.776    709.911    701.908    701.281    701.165    700.735
    538.104    759.458    752.942    744.776    744.136    744.019    743.580
    544.510    791.571    784.876    777.090    776.480    776.368    775.950
    550.916    813.901    807.752    800.679    800.123    800.023    799.643
    557.322    828.915    823.514    817.323    816.837    816.749    816.416
    563.728    840.864    836.171    830.804    830.382    830.307    830.018
    570.134    851.014    846.943    842.296    841.931    841.865    841.615
    576.540    864.726    860.989    856.731    856.395    856.335    856.106
    582.946    877.577    874.127    870.204    869.895    869.840    869.629
    589.352    895.946    892.485    888.558    888.249    888.194    887.982
    595.758    916.651    913.067    909.017    908.698    908.641    908.422
    608.570    499.216    497.870    495.778    495.612    495.581    495.467
    614.976    548.419    546.006    542.390    542.104    542.049    541.854
    621.382    612.143    608.425    603.056    602.632    602.552    602.262
    627.788    685.131    680.063    672.964    672.403    672.298    671.914
    634.194    747.925    741.814    733.832    733.201    733.084    732.652
    640.600    802.488    795.431    787.110    786.452    786.332    785.881
    647.006    846.698    839.524    831.338    830.690    830.573    830.129
    653.412    880.584    873.815    866.147    865.539    865.430    865.014
    659.818    903.568    897.519    890.706    890.166    890.070    889.700
    666.224    922.053    916.725    910.750    910.276    910.192    909.868
    672.630    931.760    927.327    922.374    921.981    921.912    921.643
    685.442    496.319    495.085    493.179    493.028    492.998    492.895
    691.848    543.435    541.229    537.934    537.672    537.622    537.442
    698.254    604.845    601.443    596.546    596.156    596.083    595.815
    704.660    675.642    671.004    664.522    664.005    663.909    663.555
    711.066    737.387    731.846    724.549    723.967    723.860    723.461
    717.472    791.680    785.297    777.678    777.071    776.960    776.544
    723.878    836.416    829.810    822.303    821.704    821.596    821.185
    730.284    871.179    864.936    857.891    857.329    857.228    856.843
    736.690    895.386    889.800    883.532    883.031    882.942    882.599
    743.096    914.969    910.044    904.542    904.102    904.024    903.722
    749.502    925.975    921.872    917.306    916.940    916.876    916.626
    762.314    487.916    486.953    485.473    485.355    485.332    485.251
    768.720    525.696    524.037    521.556    521.357    521.319    521.183
    775.126    580.496    577.841    573.991    573.682    573.624    573.412
    781.532    646.938    643.177    637.888    637.463    637.383    637.093
    787.938    705.494    701.068    695.047    694.564    694.474    694.143
    794.344    756.805    751.784    745.505    745.000    744.908    744.562
    800.750    797.787    792.482    786.398    785.909    785.820    785.485
    807.156    830.672    825.659    819.996    819.540    819.458    819.146
    813.562    854.231    849.779    844.776    844.373    844.301    844.025
    819.968    875.691    871.709    867.249    866.890    866.826    866.580
    826.374    891.090    887.658    883.829    883.520    883.466    883.254
    832.780    908.069    904.963    901.508    901.229    901.180    900.989
      6.406    543.481    540.898    536.644    536.333    536.273    536.060
     12.812    625.654    620.829    613.428    612.887    612.784    612.414
     19.218    726.660    719.201    708.209    707.405    707.254    706.704
     25.624    837.704    826.454    811.870    810.803    810.606    809.877
     32.030    920.257    906.508    890.004    888.796    888.577    887.751
     38.436    980.798    966.201    948.960    947.696    947.472    946.608
     44.842   1020.614   1006.075    989.136    987.894    987.677    986.827
     51.248   1041.917   1028.245   1012.448   1011.288   1011.088   1010.295
     57.654   1045.453   1033.337   1019.399   1018.374   1018.199   1017.498
     64.060   1046.103   1035.525   1023.365   1022.470   1022.318   1021.705
     70.466   1033.725   1025.027   1015.030   1014.293   1014.168   1013.663
     83.278    583.847    580.026    573.791    573.330    573.241    572.925
     89.684    707.278    699.680    688.346    687.508    687.350    686.776
     96.090    851.265    838.522    821.614    820.364    820.133    819.277
    102.496    996.867    978.184    956.009    954.369    954.073    952.951
    108.902   1107.256   1085.008   1059.417   1057.522   1057.193   1055.897
    115.308   1179.182   1155.181   1128.221   1126.223   1125.889   1124.523
    121.714   1204.295   1180.894   1155.052   1153.135   1152.823   1151.512
    128.120   1191.786   1171.063   1148.320   1146.631   1146.360   1145.204
    134.526   1149.297   1132.709   1114.450   1113.091   1112.873   1111.942
    140.932   1122.798   1109.336   1094.365   1093.248   1093.066   1092.302
    153.744    572.853    569.401    563.823    563.405    563.325    563.039
    160.150    686.578    679.780    669.685    668.929    668.786    668.268
    166.556    819.130    808.077    793.086    791.963    791.756    790.987
    172.962    953.878    937.341    917.797    916.332    916.069    915.065
    179.368   1056.735   1037.259   1014.854   1013.174   1012.880   1011.729
    185.774   1125.564   1104.700   1081.225   1079.463   1079.165   1077.958
    192.180   1152.805   1132.564   1110.138   1108.453   1108.175   1107.020
    198.586   1146.472   1128.551   1108.822   1107.336   1107.094   1106.077
    204.992   1113.863   1099.417   1083.491   1082.290   1082.095   1081.272
    211.398   1092.007   1080.287   1067.270   1066.286   1066.125   1065.451
    224.210    525.988    523.992    520.799    520.557    520.511    520.344
    230.616    595.130    591.457    585.912    585.491    585.411    585.122
    237.022    681.455    675.793    667.562    666.936    666.820    666.391
    243.428    776.992    768.938    758.049    757.221    757.070    756.502
    249.834    851.745    841.345    829.090    828.158    827.990    827.351
    256.240    909.046    898.098    885.354    884.384    884.212    883.547
    262.646    949.992    939.153    926.675    925.725    925.558    924.906
    269.052    975.965    965.784    954.169    953.283    953.129    952.522
    275.458    987.112    978.081    967.837    967.055    966.921    966.385
    281.864    994.643    986.756    977.831    977.148    977.032    976.564
    288.270    991.265    984.765    977.420    976.858    976.762    976.377
    301.082    510.111    508.586    506.168    505.982    505.946    505.819
    307.488    563.007    560.328    556.265    555.953    555.894    555.680
    313.894    637.997    633.706    627.423    626.940    626.850    626.519
    320.300    725.500    719.397    710.786    710.124    710.002    709.548
    326.706    795.054    787.231    777.444    776.692    776.555    776.039
    333.112    849.247    840.532    830.372    829.590    829.450    828.914
    339.518    885.615    877.154    867.376    866.623    866.490    865.973
    345.924    911.031    903.170    894.145    893.449    893.327    892.850
    352.330    924.183    917.258    909.348    908.738    908.632    908.213
    358.736    937.490    931.339    924.333    923.792    923.698    923.327
    365.142    943.648    938.384    932.404    931.943    931.862    931.545
    371.548    954.914    950.194    944.839    944.425    944.353    944.069
    384.360    514.707    513.081    510.521    510.322    510.284    510.148
    390.766    575.457    572.498    568.057    567.713    567.648    567.412
    397.172    652.428    647.865    641.268    640.756    640.661    640.310
    403.578    738.668    732.381    723.649    722.972    722.847    722.382
    409.984    808.870    800.778    790.946    790.183    790.045    789.522
    416.390    865.570    856.704    846.462    845.667    845.525    844.979
    422.796    908.220    899.434    889.379    888.598    888.460    887.924
    429.202    937.792    929.517    920.126    919.395    919.267    918.766
    435.608    953.989    946.620    938.309    937.662    937.550    937.106
    442.014    966.037    959.576    952.315    951.749    951.651    951.263
    448.420    967.972    962.625    956.630    956.163    956.082    955.761
    461.232    496.476    495.314    493.495    493.353    493.325    493.228
    467.638    538.909    536.861    533.760    533.518    533.472    533.306
    474.044    607.086    603.572    598.435    598.034    597.959    597.683
    480.450    684.417    679.366    672.219    671.660    671.557    671.173
    486.856    744.033    737.901    729.820    729.189    729.073    728.639
    493.262    788.846    781.942    773.683    773.037    772.920    772.477
    499.668    819.666    812.827    804.948    804.331    804.220    803.797
    506.074    839.584    833.341    826.185    825.625    825.525    825.140
    512.480    851.510    846.034    839.776    839.285    839.198    838.861
    518.886    860.516    855.765    850.347    849.922    849.847    849.555
    525.292    868.072    863.958    859.273    858.905    858.840    858.587
    531.698    880.392    876.621    872.331    871.994    871.935    871.703
    538.104    892.043    888.563    884.614    884.303    884.249    884.036
    544.510    910.457    906.967    903.016    902.705    902.650    902.437
    550.916    931.654    928.040    923.964    923.643    923.587    923.367
    563.728    493.335    492.275    490.626    490.496    490.472    490.382
    570.134    533.573    531.709    528.899    528.678    528.636    528.484
    576.540    598.332    595.138    590.479    590.112    590.043    589.791
    582.946    672.343    667.751    661.264    660.753    660.658    660.307
    589.352    730.414    724.911    717.575    716.997    716.891    716.494
    595.758    775.029    768.861    761.356    760.764    760.657    760.250
    602.164    806.796    800.549    793.381    792.815    792.714    792.325
    608.570    828.073    822.364    815.844    815.329    815.237    814.884
    614.976    841.579    836.562    830.853    830.401    830.321    830.011
    621.382    851.961    847.605    842.658    842.267    842.198    841.929
    627.788    860.723    856.947    852.666    852.327    852.267    852.034
    634.194    873.708    870.244    866.321    866.010    865.955    865.742
    640.600    885.928    882.729    879.115    878.828    878.778    878.581
    647.006    904.375    901.165    897.547    897.260    897.210    897.013
    653.412    925.415    922.090    918.357    918.061    918.009    917.806
    666.224    495.419    494.374    492.758    492.630    492.605    492.517
    672.630    538.364    536.550    533.838    533.622    533.581    533.433
    679.036    600.256    597.339    593.129    592.794    592.731    592.502
    685.442    674.293    670.163    664.374    663.914    663.828    663.512
    691.848    737.046    732.050    725.453    724.928    724.832    724.472
    698.254    790.007    784.249    777.369    776.821    776.722    776.346
    704.660    829.842    823.989    817.329    816.799    816.704    816.340
    711.066    860.444    854.971    848.782    848.289    848.201    847.863
    717.472    880.498    875.649    870.190    869.755    869.678    869.379
    723.878    899.092    894.763    889.906    889.519    889.451    889.185
    730.284    911.159    907.434    903.271    902.939    902.881    902.653
    736.690    926.126    922.764    919.015    918.716    918.664    918.458
    749.502    492.876    491.913    490.433    490.315    490.292    490.211
    755.908    534.119    532.451    529.966    529.767    529.729    529.592
    762.314    593.759    591.078    587.216    586.907    586.849    586.637
    768.720    665.508    661.707    656.390    655.964    655.885    655.593
    775.126    727.155    722.596    716.530    716.044    715.955    715.622
    781.532    779.850    774.608    768.273    767.765    767.673    767.324
    787.938    820.291    814.874    808.732    808.240    808.151    807.813
    794.344    851.765    846.691    840.974    840.516    840.434    840.119
    800.750    872.989    868.487    863.437    863.032    862.960    862.682
    807.156    892.480    888.457    883.961    883.600    883.536    883.288
    813.562    905.556    902.091    898.233    897.923    897.869    897.656
    819.968    921.151    918.019    914.541    914.262    914.213    914.021
      6.406    518.837    516.253    512.000    511.689    511.628    511.416
     12.812    581.759    577.067    569.736    569.200    569.097    568.731
     19.218    660.138    652.960    642.153    641.363    641.214    640.673
     25.624    746.690    736.799    722.600    721.561    721.367    720.657
     32.030    816.048    803.358    787.462    786.298    786.084    785.288
     38.436    871.060    857.343    840.853    839.645    839.425    838.599
     44.842    911.964    898.408    882.266    881.082    880.869    880.059
     51.248    940.077    927.330    912.283    911.177    910.980    910.224
     57.654    955.240    943.897    930.588    929.609    929.436    928.766
     64.060    967.107    957.129    945.461    944.601    944.451    943.862
     70.466    968.567    960.303    950.663    949.952    949.828    949.341
     83.278    501.031    499.110    495.977    495.745    495.700    495.541
     89.684    546.169    542.788    537.475    537.081    537.006    536.737
     96.090    617.812    612.059    603.332    602.686    602.563    602.121
    102.496    697.334    689.112    677.068    676.176    676.009    675.398
    108.902    756.684    746.642    733.126    732.124    731.939    731.253
    115.308    800.042    788.787    775.065    774.047    773.860    773.164
    121.714    828.535    817.639    804.625    803.659    803.483    802.822
    128.120    846.308    836.411    824.647    823.773    823.614    823.016
    134.526    856.481    847.830    837.578    836.815    836.678    836.155
    140.932    864.588    857.079    848.194    847.532    847.413    846.960
    147.338    871.311    864.810    857.129    856.556    856.453    856.061
    153.744    883.102    877.147    870.119    869.594    869.500    869.141
    160.150    894.299    888.809    882.345    881.862    881.775    881.445
    166.556    912.473    906.973    900.512    900.029    899.943    899.612
    172.962    933.477    927.789    921.135    920.637    920.548    920.208
    185.774    539.687    536.233    530.650    530.232    530.151    529.865
    192.180    624.760    618.144    608.169    607.421    607.279    606.768
    198.586    724.542    714.418    699.780    698.682    698.476    697.725
    204.992    827.470    812.739    793.928    792.517    792.256    791.291
    211.398    910.699    892.656    871.419    869.824    869.536    868.445
    217.804    971.504    952.503    930.502    928.848    928.553    927.421
    224.210   1005.236    986.930    966.029    964.455    964.179    963.102
    230.616   1016.290   1000.032    981.612    980.221    979.981    979.030
    237.022   1008.313    995.058    980.074    978.940    978.745    977.970
    243.428   1005.226    994.286    981.895    980.957    980.795    980.153
    256.240    532.237    529.140    524.189    523.813    523.740    523.482
    262.646    611.233    605.353    596.528    595.857    595.729    595.270
    269.052    704.484    695.516    682.595    681.612    681.428    680.755
    275.458    801.002    788.312    771.753    770.493    770.260    769.398
    281.864    881.000    865.071    846.428    845.008    844.750    843.779
    288.270    940.787    924.080    904.802    903.331    903.068    902.062
    294.676    976.252    960.181    941.881    940.483    940.236    939.280
    301.082    990.997    976.707    960.569    959.334    959.119    958.274
    307.488    988.428    976.714    963.529    962.518    962.343    961.651
    313.894    988.097    978.456    967.595    966.761    966.617    966.046
    326.706    502.568    500.769    497.922    497.702    497.660    497.510
    333.112    553.878    550.654    545.746    545.368    545.296    545.037
    339.518    619.495    614.552    607.303    606.744    606.638    606.255
    345.924    693.649    686.940    677.411    676.676    676.538    676.035
    352.330    756.191    748.080    737.433    736.611    736.459    735.896
    358.736    809.841    800.519    789.488    788.636    788.480    787.897
    365.142    852.561    843.249    832.460    831.626    831.475    830.904
    371.548    885.024    876.283    866.226    865.448    865.308    864.775
    377.954    906.762    898.983    890.085    889.395    889.273    888.800
    384.360    924.474    917.635    909.846    909.241    909.134    908.721
    390.766    933.433    927.757    921.316    920.816    920.728    920.385
    403.578    498.928    497.302    494.748    494.549    494.510    494.374
    409.984    547.635    544.730    540.327    539.984    539.918    539.684
    416.390    610.403    605.944    599.434    598.927    598.831    598.484
    422.796    681.899    675.851    667.285    666.617    666.492    666.035
    429.202    743.192    735.968    726.385    725.638    725.500    724.988
    435.608    796.559    788.285    778.342    777.567    777.424    776.893
    442.014    840.035    831.587    821.847    821.086    820.948    820.428
    448.420    873.614    865.671    856.577    855.866    855.738    855.252
    454.826    896.866    889.788    881.729    881.099    880.986    880.555
    461.232    915.917    909.687    902.626    902.073    901.975    901.596
    467.638    926.456    921.279    915.432    914.974    914.893    914.579
    480.450    485.172    484.010    482.195    482.053    482.025    481.928
    486.856    519.425    517.403    514.324    514.082    514.036    513.870
    493.262    574.385    570.951    565.867    565.467    565.391    565.118
    499.668    638.094    633.183    626.145    625.592    625.488    625.109
    506.074    690.447    684.747    676.836    676.214    676.098    675.673
    512.480    733.067    726.872    718.813    718.179    718.062    717.628
    518.886    766.069    759.746    752.066    751.462    751.351    750.937
    525.292    790.805    784.746    777.767    777.217    777.117    776.741
    531.698    808.596    803.268    797.155    796.673    796.586    796.256
    538.104    823.190    818.554    813.249    812.830    812.755    812.468
    544.510    835.672    831.644    827.046    826.683    826.618    826.369
    550.916    850.635    846.934    842.716    842.383    842.323    842.095
    557.322    864.567    861.147    857.259    856.952    856.897    856.687
    563.728    882.895    879.463    875.570    875.262    875.207    874.996
    570.134    903.156    899.604    895.589    895.271    895.215    894.997
    582.946    487.233    486.092    484.324    484.184    484.157    484.061
    589.352    524.371    522.412    519.455    519.221    519.176    519.016
    595.758    578.051    574.931    570.361    569.999    569.930    569.682
    602.164    642.922    638.521    632.271    631.776    631.682    631.343
    608.570    700.115    694.966    687.887    687.325    687.220    686.835
    614.976    750.429    744.653    737.302    736.718    736.610    736.211
    621.382    790.983    784.921    777.827    777.263    777.160    776.774
    627.788    823.891    818.117    811.535    811.011    810.916    810.558
    634.194    847.881    842.765    836.963    836.501    836.418    836.102
    640.600    869.846    865.272    860.104    859.693    859.619    859.337
    647.006    885.914    881.977    877.544    877.190    877.128    876.886
    653.412    903.257    899.698    895.702    895.384    895.327    895.109
    666.224    485.208    484.162    482.552    482.423    482.398    482.310
    672.630    521.018    519.225    516.531    516.316    516.275    516.127
    679.036    572.963    570.107    565.937    565.603    565.540    565.312
    685.442    636.115    632.080    626.369    625.912    625.826    625.514
    691.848    692.576    687.853    681.375    680.857    680.761    680.406
    698.254    742.731    737.467    730.730    730.191    730.091    729.722
    704.660    783.696    778.173    771.661    771.140    771.044    770.687
    711.066    817.349    812.016    805.964    805.479    805.391    805.059
    717.472    842.236    837.504    832.162    831.733    831.656    831.363
    723.878    864.880    860.647    855.885    855.503    855.434    855.173
    730.284    881.711    878.064    873.975    873.647    873.588    873.364
    736.690    899.527    896.226    892.538    892.241    892.189    891.986
    749.502    479.498    478.603    477.232    477.121    477.100    477.024
    755.908    509.889    508.338    506.006    505.819    505.783    505.655
    762.314    558.880    556.245    552.381    552.070    552.011    551.798
    768.720    616.993    613.209    607.844    607.412    607.331    607.035
    775.126    667.119    662.730    656.681    656.194    656.103    655.769
    781.532    709.580    704.905    698.719    698.221    698.129    697.788
    787.938    744.011    739.239    733.322    732.845    732.757    732.431
    794.344    771.072    766.460    761.061    760.626    760.547    760.249
    800.750    791.699    787.505    782.760    782.377    782.308    782.045
    807.156    808.627    804.971    800.848    800.515    800.455    800.227
    813.562    823.155    819.973    816.392    816.103    816.050    815.852
    819.968    839.246    836.315    833.024    832.758    832.710    832.528
    826.374    854.150    851.437    848.400    848.154    848.110    847.942
    832.780    872.541    869.814    866.768    866.521    866.477    866.309
    839.186    892.552    889.728    886.583    886.329    886.283    886.109
      6.406    572.567    568.485    561.766    561.275    561.180    560.844
     12.812    686.036    677.997    665.839    664.951    664.782    664.174
     19.218    819.043    805.948    787.842    786.518    786.272    785.366
     25.624    955.610    935.873    912.147    910.412    910.097    908.909
     32.030   1060.847   1037.429   1010.054   1008.050   1007.696   1006.325
     38.436   1132.156   1106.858   1077.970   1075.852   1075.490   1074.043
     44.842   1160.962   1136.226   1108.440   1106.400   1106.061   1104.666
     51.248   1154.853   1132.815   1108.235   1106.427   1106.130   1104.893
     57.654   1118.922   1101.223   1081.455   1079.998   1079.759   1078.762
     64.060   1100.604   1085.982   1069.512   1068.295   1068.093   1067.260
     76.872    516.798    514.732    511.375    511.125    511.077    510.906
     83.278    574.052    570.407    564.776    564.357    564.278    563.991
     89.684    654.301    648.488    639.819    639.174    639.052    638.611
     96.090    746.754    738.471    726.638    725.757    725.593    724.990
    102.496    818.437    807.591    794.189    793.190    793.007    792.324
    108.902    871.977    860.301    846.435    845.401    845.215    844.507
    115.308    906.255    894.954    881.655    880.663    880.485    879.806
    121.714    929.056    918.586    906.353    905.438    905.276    904.650
    128.120    939.272    930.075    919.383    918.582    918.441    917.894
    134.526    950.627    942.466    932.998    932.289    932.164    931.678
    140.932    954.609    947.633    939.559    938.954    938.848    938.433
    147.338    964.394    958.155    950.940    950.398    950.304    949.933
    160.150    512.018    510.139    507.115    506.887    506.843    506.687
    166.556    566.005    562.705    557.636    557.254    557.181    556.920
    172.962    642.035    636.769    628.959    628.370    628.259    627.856
    179.368    730.081    722.615    711.955    711.151    711.001    710.451
    185.774    799.316    789.734    777.667    776.757    776.590    775.966
    192.180    852.542    841.969    829.490    828.547    828.376    827.731
    198.586    887.744    877.513    865.544    864.639    864.477    863.857
    204.992    912.147    902.671    891.655    890.821    890.673    890.102
    211.398    924.569    916.239    906.606    905.876    905.747    905.247
    217.804    937.560    930.166    921.637    920.990    920.876    920.433
    224.210    943.466    937.142    929.868    929.315    929.219    928.840
    230.616    954.492    948.829    942.322    941.828    941.742    941.403
    243.428    547.497    544.403    539.461    539.085    539.013    538.755
    249.834    639.513    633.547    624.687    624.013    623.885    623.423
    256.240    747.350    738.160    725.120    724.127    723.942    723.262
    262.646    858.652    844.801    827.983    826.702    826.468    825.591
    269.052    946.855    930.411    911.351    909.898    909.637    908.642
    275.458   1010.168    992.761    972.958    971.446    971.181    970.146
    281.864   1042.707   1025.908   1007.066   1005.626   1005.378   1004.392
    288.270   1049.700   1034.797   1018.194   1016.923   1016.707   1015.837
    294.676   1036.279   1024.125   1010.605   1009.568   1009.392   1008.682
    301.082   1027.332   1017.399   1006.317   1005.465   1005.321   1004.738
    313.894    497.537    496.122    493.882    493.709    493.676    493.558
    320.300    540.552    538.061    534.252    533.959    533.903    533.702
    326.706    609.363    605.102    598.815    598.330    598.239    597.907
    333.112    686.866    680.761    672.045    671.372    671.247    670.786
    339.518    746.012    738.610    728.791    728.034    727.894    727.375
    345.924    790.104    781.802    771.801    771.029    770.888    770.359
    352.330    820.121    811.940    802.428    801.693    801.560    801.056
    358.736    839.387    831.939    823.322    822.655    822.535    822.079
    365.142    850.901    844.379    836.858    836.275    836.171    835.772
    371.548    859.805    854.150    847.640    847.135    847.045    846.699
    377.954    867.288    862.393    856.766    856.330    856.252    855.953
    384.360    879.529    875.045    869.897    869.497    869.426    869.152
    390.766    891.126    886.991    882.254    881.886    881.821    881.569
    397.172    909.422    905.277    900.541    900.173    900.108    899.856
    403.578    930.471    926.183    921.302    920.923    920.856    920.596
    416.390    506.993    505.368    502.818    502.619    502.581    502.445
    422.796    561.855    558.924    554.514    554.170    554.105    553.870
    429.202    631.881    627.372    620.836    620.327    620.231    619.882
    435.608    710.905    704.745    696.119    695.447    695.322    694.861
    442.014    776.730    769.092    759.411    758.655    758.517    757.999
    448.420    831.959    823.255    813.190    812.404    812.262    811.723
    454.826    874.875    866.263    856.393    855.621    855.483    854.955
    461.232    906.401    898.302    889.085    888.364    888.236    887.742
    467.638    926.055    918.836    910.673    910.034    909.921    909.484
    474.044    941.529    935.187    928.045    927.486    927.388    927.004
    480.450    947.672    942.413    936.508    936.045    935.964    935.647
    493.262    503.095    501.620    499.321    499.141    499.106    498.982
    499.668    555.123    552.471    548.497    548.184    548.125    547.910
    506.074    622.008    617.926    612.030    611.566    611.479    611.161
    512.480    698.040    692.469    684.680    684.068    683.953    683.534
    518.886    762.373    755.562    746.812    746.124    745.997    745.525
    525.292    817.401    809.499    800.390    799.672    799.542    799.050
    531.698    860.924    853.086    844.139    843.433    843.307    842.823
    538.104    893.656    886.273    877.904    877.244    877.126    876.674
    544.510    914.982    908.393    900.970    900.383    900.280    899.878
    550.916    931.955    926.159    919.657    919.143    919.052    918.700
    557.322    939.864    935.049    929.667    929.241    929.166    928.875
    570.134    488.285    487.225    485.584    485.454    485.429    485.339
    576.540    524.874    523.022    520.230    520.008    519.966    519.815
    582.946    583.726    580.567    575.943    575.577    575.508    575.257
    589.352    651.652    647.119    640.697    640.188    640.093    639.744
    595.758    706.454    701.159    693.914    693.339    693.233    692.839
    602.164    750.097    744.225    736.824    736.237    736.130    735.727
    608.570    782.800    776.768    769.703    769.142    769.040    768.656
    614.976    806.187    800.557    794.130    793.619    793.527    793.177
    621.382    822.294    817.342    811.710    811.262    811.181    810.874
    627.788    835.173    830.867    825.982    825.594    825.524    825.257
    634.194    846.137    842.399    838.167    837.830    837.770    837.539
    640.600    860.301    856.867    852.986    852.677    852.621    852.409
    647.006    873.539    870.367    866.790    866.504    866.454    866.258
    653.412    891.940    888.756    885.173    884.888    884.837    884.641
    659.818    912.553    909.256    905.559    905.264    905.212    905.010
    672.630    496.771    495.538    493.641    493.489    493.460    493.356
    679.036    544.229    542.025    538.743    538.481    538.431    538.252
    685.442    606.045    602.645    597.768    597.379    597.305    597.038
    691.848    677.265    672.628    666.172    665.655    665.559    665.205
    698.254    739.265    733.714    726.444    725.862    725.755    725.356
    704.660    793.680    787.280    779.688    779.081    778.970    778.554
    711.066    838.392    831.788    824.307    823.708    823.600    823.189
    717.472    873.051    866.809    859.789    859.226    859.126    858.740
    723.878    897.061    891.477    885.231    884.730    884.641    884.297
    730.284    916.446    911.521    906.039    905.599    905.521    905.220
    736.690    927.204    923.101    918.552    918.187    918.123    917.872
    749.502    488.270    487.308    485.835    485.716    485.693    485.612
    755.908    526.297    524.639    522.169    521.970    521.932    521.796
    762.314    581.442    578.788    574.954    574.646    574.587    574.375
    768.720    648.263    644.504    639.235    638.811    638.731    638.440
    775.126    707.035    702.610    696.612    696.128    696.039    695.708
    781.532    758.449    753.419    747.163    746.658    746.566    746.220
    787.938    799.404    794.086    788.025    787.536    787.447    787.112
    794.344    832.177    827.166    821.524    821.068    820.986    820.674
    800.750    855.570    851.120    846.135    845.732    845.660    845.384
    807.156    876.890    872.909    868.466    868.107    868.043    867.797
    813.562    892.122    888.693    884.878    884.569    884.515    884.303
    819.968    909.003    905.899    902.457    902.178    902.129    901.938
      6.406    552.985    548.903    542.184    541.693    541.598    541.262
     12.812    649.129    641.222    629.156    628.274    628.106    627.503
     19.218    761.719    749.448    731.606    730.301    730.057    729.164
     25.624    878.731    859.742    836.570    834.874    834.563    833.404
     32.030    970.292    947.988    921.513    919.573    919.225    917.899
     38.436   1035.690   1011.831    984.102    982.068    981.710    980.319
     44.842   1067.914   1044.717   1018.153   1016.200   1015.864   1014.530
     51.248   1072.494   1051.805   1028.285   1026.553   1026.258   1025.074
     57.654   1052.649   1035.913   1016.908   1015.505   1015.267   1014.308
     64.060   1045.327   1031.338   1015.381   1014.200   1013.999   1013.191
     76.872    506.830    504.763    501.409    501.159    501.111    500.940
     83.278    556.944    553.342    547.736    547.319    547.239    546.953
     89.684    627.448    621.719    613.113    612.472    612.350    611.911
     96.090    709.133    701.068    689.369    688.497    688.333    687.736
    102.496    774.280    764.247    751.057    750.074    749.892    749.219
    108.902    826.184    814.791    801.186    800.170    799.984    799.289
    115.308    861.883    850.876    837.845    836.871    836.695    836.028
    121.714    887.979    877.790    865.799    864.901    864.740    864.126
    128.120    903.229    894.269    883.776    882.989    882.849    882.311
    134.526    918.650    910.674    901.363    900.665    900.541    900.062
    140.932    927.294    920.460    912.507    911.910    911.804    911.395
    147.338    939.961    933.831    926.710    926.174    926.080    925.713
    160.150    511.498    509.282    505.717    505.449    505.397    505.213
    166.556    569.243    565.241    559.092    558.629    558.540    558.223
    172.962    641.893    635.765    626.697    626.013    625.883    625.415
    179.368    722.654    714.312    702.411    701.513    701.345    700.730
    185.774    788.476    778.055    764.775    763.772    763.587    762.900
    192.180    842.477    830.852    817.125    816.087    815.898    815.188
    198.586    883.655    872.211    858.822    857.808    857.626    856.932
    204.992    913.385    902.671    890.226    889.282    889.114    888.469
    211.398    931.384    921.872    910.891    910.057    909.910    909.339
    217.804    945.794    937.450    927.856    927.127    926.998    926.499
    224.210    950.829    943.924    936.008    935.406    935.300    934.888
    237.022    506.881    504.885    501.703    501.460    501.413    501.246
    243.428    561.296    557.706    552.218    551.799    551.719    551.432
    249.834    630.315    624.814    616.714    616.096    615.979    615.555
    256.240    707.663    700.187    689.550    688.737    688.585    688.029
    262.646    771.765    762.588    750.711    749.804    749.636    749.015
    269.052    825.667    815.200    802.912    801.972    801.801    801.157
    275.458    867.578    857.266    845.265    844.346    844.180    843.551
    281.864    898.718    889.053    877.884    877.028    876.875    876.289
    288.270    918.649    910.058    900.191    899.433    899.299    898.780
    294.676    934.758    927.214    918.586    917.923    917.806    917.352
    301.082    941.822    935.571    928.445    927.897    927.800    927.425
    313.894    495.472    493.946    491.536    491.350    491.314    491.186
    320.300    538.037    535.404    531.376    531.065    531.006    530.793
    326.706    598.811    594.609    588.406    587.927    587.836    587.509
    333.112    670.719    664.824    656.371    655.718    655.596    655.149
    339.518    731.076    724.047    714.506    713.769    713.632    713.127
    345.924    782.030    774.041    764.177    763.414    763.274    762.752
    352.330    820.655    812.509    803.035    802.302    802.168    801.666
    358.736    850.612    843.044    834.296    833.618    833.496    833.032
    365.142    870.921    864.247    856.569    855.973    855.866    855.459
    371.548    890.101    884.153    877.332    876.802    876.708    876.345
    377.954    903.056    897.948    892.113    891.659    891.579    891.268
    384.360    918.457    913.858    908.617    908.209    908.137    907.858
    397.172    492.372    490.994    488.831    488.662    488.629    488.514
    403.578    532.892    530.517    526.903    526.621    526.567    526.374
    409.984    590.998    587.212    581.639    581.205    581.122    580.825
    416.390    660.262    654.942    647.340    646.747    646.635    646.229
    422.796    719.406    713.127    704.536    703.866    703.741    703.282
    429.202    770.134    763.016    754.122    753.428    753.300    752.824
    435.608    809.564    802.170    793.615    792.947    792.825    792.367
    442.014    840.595    833.714    825.802    825.183    825.071    824.647
    448.420    862.292    856.214    849.259    848.715    848.617    848.244
    454.826    882.519    877.097    870.913    870.428    870.341    870.010
    461.232    896.642    891.983    886.687    886.272    886.198    885.914
    467.638    912.774    908.573    903.811    903.437    903.371    903.115
    480.450    489.673    488.422    486.472    486.319    486.289    486.184
    486.856    528.415    526.264    523.005    522.749    522.700    522.524
    493.262    584.201    580.773    575.742    575.346    575.271    575.000
    499.668    651.166    646.340    639.469    638.928    638.826    638.456
    506.074    709.271    703.623    695.849    695.237    695.123    694.703
    512.480    759.807    753.417    745.357    744.722    744.605    744.170
    518.886    799.875    793.164    785.399    784.786    784.675    784.255
    525.292    831.867    825.580    818.386    817.819    817.716    817.327
    531.698    854.770    849.208    842.875    842.375    842.285    841.943
    538.104    875.907    870.940    865.305    864.859    864.780    864.475
    544.510    891.048    886.776    881.946    881.564    881.496    881.234
    550.916    907.815    903.958    899.610    899.266    899.205    898.969
    563.728    483.092    482.033    480.390    480.260    480.235    480.146
    570.134    515.931    514.090    511.301    511.080    511.038    510.887
    576.540    568.711    565.585    560.975    560.609    560.539    560.289
    582.946    630.383    625.906    619.518    619.012    618.916    618.569
    589.352    681.934    676.740    669.553    668.982    668.876    668.486
    595.758    724.501    718.899    711.568    710.986    710.879    710.480
    602.164    758.036    752.319    745.324    744.769    744.667    744.286
    608.570    783.651    778.136    771.772    771.266    771.173    770.827
    614.976    802.473    797.581    791.999    791.555    791.474    791.170
    621.382    817.917    813.658    808.811    808.425    808.356    808.091
    627.788    831.144    827.441    823.238    822.903    822.842    822.613
    634.194    846.519    843.113    839.254    838.947    838.892    838.681
    640.600    860.804    857.656    854.098    853.814    853.764    853.569
    647.006    879.158    875.997    872.432    872.148    872.097    871.902
    653.412    899.331    896.059    892.381    892.088    892.035    891.834
    666.224    481.206    480.235    478.738    478.619    478.596    478.514
    672.630    512.760    511.074    508.533    508.330    508.291    508.152
    679.036    563.554    560.692    556.485    556.149    556.085    555.855
    685.442    623.363    619.259    613.424    612.957    612.869    612.550
    691.848    674.170    669.410    662.838    662.313    662.215    661.855
    698.254    716.684    711.585    704.873    704.336    704.236    703.869
    704.660    750.694    745.489    739.077    738.564    738.469    738.118
    711.066    777.071    772.045    766.203    765.735    765.649    765.329
    717.472    796.845    792.329    787.200    786.788    786.714    786.432
    723.878    813.067    809.132    804.677    804.319    804.255    804.010
    730.284    826.975    823.552    819.685    819.375    819.319    819.106
    736.690    842.725    839.575    836.023    835.738    835.687    835.491
    743.096    857.335    854.422    851.145    850.881    850.834    850.654
    749.502    875.711    872.783    869.498    869.234    869.187    869.006
    755.908    895.802    892.770    889.380    889.107    889.059    888.872
    768.720    479.572    478.678    477.307    477.197    477.176    477.100
    775.126    510.018    508.466    506.137    505.949    505.913    505.785
    781.532    559.096    556.461    552.600    552.289    552.230    552.017
    787.938    617.299    613.515    608.154    607.722    607.641    607.345
    794.344    667.471    663.083    657.037    656.551    656.459    656.126
    800.750    709.948    705.271    699.090    698.592    698.499    698.158
    807.156    744.368    739.594    733.680    733.204    733.116    732.789
    813.562    771.401    766.786    761.392    760.956    760.877    760.579
    819.968    791.987    787.794    783.052    782.669    782.600    782.337
    826.374    808.878    805.223    801.103    800.770    800.709    800.481
    832.780    823.374    820.192    816.614    816.324    816.272    816.074
    839.186    839.447    836.516    833.228    832.962    832.914    832.732
    845.592    854.336    851.624    848.589    848.343    848.299    848.131
    851.998    872.728    870.002    866.958    866.711    866.667    866.499
    858.404    892.746    889.923    886.780    886.525    886.480    886.306
      6.406    524.215    522.023    518.416    518.152    518.101    517.921
     12.812    586.508    582.618    576.565    576.123    576.039    575.736
     19.218    673.542    667.338    658.017    657.335    657.206    656.740
     25.624    773.726    764.668    751.911    750.978    750.805    750.166
     32.030    850.138    838.166    823.648    822.585    822.391    821.664
     38.436    905.480    892.876    877.786    876.681    876.482    875.726
     44.842    939.312    927.045    912.514    911.448    911.258    910.530
     51.248    960.168    948.767    935.363    934.379    934.205    933.532
     57.654    967.015    956.983    945.243    944.380    944.229    943.639
     64.060    975.799    966.883    956.464    955.697    955.563    955.039
     70.466    976.434    968.804    959.907    959.251    959.137    958.689
     76.872    984.045    977.226    969.276    968.690    968.588    968.187
     89.684    520.961    518.892    515.518    515.268    515.220    515.049
     96.090    581.198    577.529    571.861    571.441    571.361    571.074
    102.496    665.517    659.660    650.924    650.276    650.154    649.711
    108.902    762.549    754.081    742.136    741.251    741.086    740.480
    115.308    836.927    825.683    812.126    811.120    810.936    810.248
    121.714    891.113    879.295    865.253    864.210    864.022    863.309
    128.120    924.803    913.350    899.875    898.873    898.694    898.009
    134.526    946.223    935.612    923.218    922.295    922.132    921.501
    140.932    954.330    945.016    934.189    933.382    933.240    932.688
    147.338    963.985    955.731    946.152    945.437    945.312    944.823
    153.744    966.019    958.971    950.808    950.198    950.092    949.675
    160.150    974.599    968.303    961.015    960.470    960.375    960.002
    172.962    509.522    507.775    504.950    504.738    504.697    504.552
    179.368    561.053    557.941    553.129    552.768    552.699    552.453
    185.774    643.110    637.794    629.854    629.259    629.146    628.739
    192.180    733.816    726.129    715.107    714.281    714.126    713.561
    198.586    799.676    789.782    777.340    776.407    776.236    775.597
    204.992    844.352    833.664    820.991    820.040    819.867    819.216
    211.398    871.088    860.864    848.830    847.926    847.763    847.145
    217.804    885.128    875.849    864.978    864.160    864.014    863.454
    224.210    890.471    882.375    872.918    872.205    872.078    871.591
    230.616    893.966    886.965    878.796    878.180    878.071    877.649
    237.022    896.687    890.645    883.602    883.070    882.975    882.612
    243.428    906.311    900.792    894.362    893.876    893.790    893.457
    249.834    915.680    910.599    904.691    904.245    904.166    903.860
    256.240    933.880    928.797    922.898    922.452    922.373    922.068
    262.646    955.607    950.350    944.274    943.814    943.733    943.418
    275.458    553.770    550.670    545.703    545.326    545.254    544.996
    281.864    651.131    645.124    636.197    635.521    635.392    634.929
    288.270    764.973    755.672    742.504    741.505    741.319    740.636
    294.676    882.404    868.001    850.973    849.682    849.446    848.562
    301.082    973.948    957.246    937.895    936.426    936.164    935.159
    307.488   1038.715   1020.969   1000.823    999.292    999.025    997.978
    313.894   1070.043   1052.906   1033.719   1032.259   1032.010   1031.011
    320.300   1073.853   1058.657   1041.755   1040.467   1040.250   1039.369
    326.706   1055.965   1043.597   1029.852   1028.802   1028.626   1027.908
    333.112   1043.467   1033.389   1022.146   1021.287   1021.142   1020.553
    345.924    500.417    498.999    496.747    496.574    496.541    496.423
    352.330    545.527    543.023    539.190    538.896    538.840    538.638
    358.736    617.701    613.416    607.083    606.597    606.505    606.173
    365.142    698.696    692.537    683.745    683.071    682.944    682.482
    371.548    759.750    752.165    742.246    741.485    741.344    740.823
    377.954    804.384    795.817    785.706    784.929    784.787    784.255
    384.360    833.665    825.406    815.787    815.047    814.913    814.406
    390.766    851.742    844.224    835.511    834.840    834.720    834.260
    397.172    861.732    855.154    847.552    846.966    846.861    846.460
    403.578    869.207    863.507    856.932    856.424    856.334    855.986
    409.984    875.431    870.502    864.822    864.383    864.305    864.005
    416.390    886.994    882.481    877.286    876.885    876.814    876.539
    422.796    898.009    893.848    889.070    888.701    888.635    888.382
    429.202    916.316    912.148    907.372    907.002    906.937    906.684
    435.608    937.593    933.280    928.358    927.977    927.910    927.649
    448.420    501.908    500.528    498.355    498.186    498.154    498.038
    454.826    549.131    546.728    543.083    542.801    542.747    542.553
    461.232    616.496    612.646    607.013    606.576    606.493    606.194
    467.638    695.896    690.450    682.736    682.137    682.025    681.615
    474.044    760.969    754.247    745.492    744.812    744.687    744.221
    480.450    814.131    806.348    797.261    796.555    796.426    795.943
    486.856    851.961    844.375    835.622    834.941    834.819    834.353
    493.262    880.108    873.051    864.957    864.327    864.214    863.783
    499.668    897.189    890.962    883.854    883.301    883.202    882.823
    506.074    913.613    908.067    901.759    901.267    901.180    900.843
    512.480    923.313    918.556    913.162    912.741    912.667    912.379
    518.886    936.765    932.487    927.646    927.268    927.202    926.943
    531.698    506.110    504.633    502.322    502.141    502.106    501.982
    538.104    560.431    557.766    553.765    553.452    553.393    553.178
    544.510    630.025    625.918    619.979    619.514    619.427    619.108
    550.916    708.870    703.250    695.396    694.781    694.666    694.245
    557.322    774.899    767.930    759.096    758.404    758.276    757.802
    563.728    830.553    822.575    813.371    812.650    812.519    812.025
    570.134    873.987    866.078    857.034    856.324    856.197    855.711
    576.540    905.975    898.524    890.063    889.399    889.281    888.826
    582.946    925.970    919.319    911.816    911.227    911.123    910.719
    589.352    941.609    935.762    929.194    928.678    928.587    928.233
    595.758    947.872    943.020    937.586    937.158    937.083    936.790
    608.570    524.824    522.766    519.562    519.310    519.261    519.088
    614.976    598.279    594.400    588.698    588.249    588.164    587.856
    621.382    686.140    680.233    671.893    671.235    671.112    670.661
    627.788    778.112    769.936    759.257    758.414    758.259    757.682
    634.194    856.496    846.007    833.986    833.037    832.865    832.215
    640.600    917.102    906.106    893.664    892.681    892.505    891.832
    647.006    955.338    944.753    932.919    931.983    931.817    931.176
    653.412    973.883    964.442    953.974    953.145    953.001    952.433
    659.818    977.021    969.170    960.500    959.812    959.693    959.222
    666.224    976.443    970.097    963.093    962.537    962.441    962.060
    679.036    487.963    486.991    485.489    485.370    485.347    485.265
    685.442    524.393    522.693    520.135    519.931    519.893    519.753
    691.848    583.096    580.192    575.950    575.612    575.548    575.317
    698.254    651.052    646.876    640.974    640.504    640.416    640.094
    704.660    706.099    701.214    694.543    694.012    693.914    693.550
    711.066    750.034    744.606    737.781    737.237    737.138    736.765
    717.472    783.000    777.414    770.889    770.369    770.274    769.918
    723.878    806.587    801.367    795.424    794.950    794.864    794.539
    730.284    822.806    818.211    812.998    812.581    812.507    812.221
    736.690    835.685    831.689    827.167    826.806    826.741    826.493
    743.096    846.646    843.175    839.256    838.943    838.887    838.672
    749.502    860.822    857.633    854.037    853.750    853.698    853.501
    755.908    874.067    871.120    867.805    867.540    867.492    867.311
    762.314    892.515    889.556    886.234    885.968    885.921    885.739
    768.720    913.191    910.125    906.696    906.422    906.373    906.185
    781.532    485.808    484.913    483.537    483.426    483.405    483.330
    787.938    520.749    519.185    516.841    516.653    516.618    516.489
    794.344    577.137    574.466    570.574    570.262    570.203    569.989
    800.750    642.872    639.027    633.607    633.173    633.091    632.793
    807.156    696.972    692.479    686.348    685.857    685.765    685.429
    813.562    740.780    735.830    729.550    729.046    728.954    728.609
    819.968    774.273    769.181    763.169    762.687    762.599    762.268
    826.374    798.837    794.003    788.520    788.080    788.000    787.698
    832.780    816.112    811.851    807.035    806.648    806.579    806.313
    839.186    829.912    826.204    822.025    821.689    821.629    821.398
    845.592    841.682    838.459    834.834    834.543    834.490    834.291
    851.998    856.303    853.339    850.011    849.744    849.696    849.512
    858.404    869.930    867.189    864.120    863.872    863.828    863.659
    864.810    888.398    885.644    882.567    882.319    882.275    882.105
    871.216    908.967    906.113    902.936    902.680    902.635    902.459
