         1     636.417        0.674755         1.64737         397.160        0.112150
         2     637.963        0.180719         1.54798         11499.7        0.210808E+21
         3     638.863        0.206653         1.40508         21962.6        0.420845E+21
         4     639.764        0.237325         1.26455         31567.7        0.631311E+21
         5     640.666        0.269026         1.13857         40343.1        0.842327E+21
         6     641.569        0.300583         1.02835         48376.8        0.105401E+22
         7     642.474        0.331727        0.932485         55763.1        0.126651E+22
         8     643.380        0.362424        0.849251         62589.5        0.147997E+22
         9     644.287        0.392625        0.777106         68935.8        0.169459E+22
        10     645.195        0.422213        0.714685         74862.9        0.190946E+22
        11    0.126641E+07    0.786948        0.118295E-03     36.5205        0.112150E+19
        12     636.417        0.874452E-01     2.92252         1499.84        0.413234E+19
        13     637.963        0.106299         2.74197         12538.7        0.213845E+21
        14     638.863        0.127311         2.48557         22908.5        0.423910E+21
        15     639.764        0.151158         2.23539         32422.5        0.634411E+21
        16     640.666        0.175135         2.01158         41116.5        0.845470E+21
        17     641.569        0.198444         1.81593         49079.5        0.105721E+22
        18     642.474        0.220987         1.64583         56404.8        0.126978E+22
        19     643.380        0.242840         1.49822         63178.8        0.148332E+22
        20     644.287        0.264071         1.37033         69480.3        0.169803E+22
        21     645.195        0.284667         1.25975         75367.1        0.191283E+22
        22    0.126641E+07    0.964630        0.218639E-03     140.599        0.413234E+19
        23     636.417        0.967951E-01     4.06230         3185.41        0.870248E+19
        24     637.963        0.110167         3.79121         14119.1        0.218442E+21
        25     638.863        0.132518         3.42874         24342.7        0.428535E+21
        26     639.764        0.157400         3.07942         33715.2        0.639072E+21
        27     640.666        0.182331         2.76803         42283.2        0.850175E+21
        28     641.569        0.206597         2.49615         50136.5        0.106197E+22
        29     642.474        0.230129         2.25997         57366.9        0.127461E+22
        30     643.380        0.253008         2.05519         64059.1        0.148824E+22
        31     644.287        0.275293         1.87790         70290.5        0.170303E+22
        32     645.195        0.296956         1.72477         76114.9        0.191776E+22
        33    0.126641E+07    0.974093        0.325974E-03     309.070        0.870248E+19
        34     636.417        0.104759         4.94107         5357.72        0.147273E+20
        35     637.963        0.120472         4.57802         16141.8        0.224495E+21
        36     638.863        0.144994         4.12768         26172.4        0.434617E+21
        37     639.764        0.171768         3.70047         35360.6        0.645192E+21
        38     640.666        0.198549         3.32140         43765.1        0.856340E+21
        39     641.569        0.224715         2.99102         51476.2        0.106819E+22
        40     642.474        0.250223         2.70436         58583.6        0.128090E+22
        41     643.380        0.275150         2.45608         65169.7        0.149462E+22
        42     644.287        0.299539         2.24137         71310.2        0.170949E+22
        43     645.195        0.323324         2.05617         77054.3        0.192416E+22
        44    0.126641E+07    0.940926        0.433621E-03     544.461        0.147273E+20
        45     636.417        0.114070         5.26559         7818.87        0.217250E+20
        46     637.963        0.133300         4.84012         18415.5        0.231520E+21
        47     638.863        0.160381         4.34953         28222.0        0.441675E+21
        48     639.764        0.189424         3.89185         37199.9        0.652290E+21
        49     640.666        0.218443         3.48779         45418.5        0.863484E+21
        50     641.569        0.246918         3.13633         52968.2        0.107539E+22
        51     642.474        0.274832         2.83178         59936.1        0.128817E+22
        52     643.380        0.302254         2.56836         66402.1        0.150197E+22
        53     644.287        0.329203         2.34081         72439.4        0.171692E+22
        54     645.195        0.355573         2.14485         78093.2        0.193153E+22
        55    0.126641E+07    0.909056        0.509295E-03     837.216        0.217250E+20
        56     636.417        0.122631         5.20956         10343.8        0.291041E+20
        57     637.963        0.145414         4.75235         20729.8        0.238926E+21
        58     638.863        0.174994         4.25717         30301.4        0.449116E+21
        59     639.764        0.206229         3.80232         39062.2        0.659771E+21
        60     640.666        0.237405         3.40270         47090.1        0.871012E+21
        61     641.569        0.268110         3.05578         54474.4        0.108298E+22
        62     642.474        0.298350         2.75558         61299.6        0.129582E+22
        63     643.380        0.328187         2.49624         67642.7        0.150971E+22
        64     644.287        0.357618         2.27249         73574.6        0.172472E+22
        65     645.195        0.386488         2.08009         79136.6        0.193929E+22
        66    0.126641E+07    0.875000        0.552767E-03     1167.29        0.291041E+20
        67     636.417        0.131985         4.80058         12755.8        0.363619E+20
        68     637.963        0.158087         4.35092         22925.2        0.246211E+21
        69     638.863        0.190072         3.88728         32268.4        0.456435E+21
        70     639.764        0.223452         3.46689         40821.1        0.667132E+21
        71     640.666        0.256755         3.09906         48666.9        0.878422E+21
        72     641.569        0.289662         2.78028         55893.8        0.109045E+22
        73     642.474        0.322200         2.50475         62583.3        0.130336E+22
        74     643.380        0.354416         2.26701         68809.8        0.151734E+22
        75     644.287        0.386283         2.06211         74641.5        0.173240E+22
        76     645.195        0.417598         1.88616         80117.0        0.194694E+22
        77    0.126641E+07    0.855750        0.553058E-03     1511.05        0.363619E+20
        78     636.417        0.143290         4.19310         14922.6        0.431751E+20
        79     637.963        0.172439         3.78096         24886.4        0.253051E+21
        80     638.863        0.206781         3.37131         34021.7        0.463310E+21
        81     639.764        0.242335         3.00363         42387.3        0.674051E+21
        82     640.666        0.277825         2.68294         50070.2        0.885391E+21
        83     641.569        0.313004         2.40538         57156.2        0.109748E+22
        84     642.474        0.347907         2.16572         63724.6        0.131046E+22
        85     643.380        0.382561         1.95913         69847.1        0.152452E+22
        86     644.287        0.416915         1.78124         75589.7        0.173961E+22
        87     645.195        0.450713         1.62865         80988.5        0.195415E+22
        88    0.126641E+07    0.857900        0.518122E-03     1843.95        0.431751E+20
        89     636.417        0.165289         3.35976         16742.2        0.498541E+20
        90     637.963        0.198177         3.00380         26523.0        0.259756E+21
        91     638.863        0.236024         2.66510         35480.5        0.470049E+21
        92     639.764        0.275348         2.36541         43688.1        0.680834E+21
        93     640.666        0.315055         2.10555         51233.8        0.892227E+21
        94     641.569        0.354947         1.88135         58201.9        0.110437E+22
        95     642.474        0.395040         1.68822         64668.9        0.131743E+22
        96     643.380        0.435310         1.52209         70704.7        0.153158E+22
        97     644.287        0.475638         1.37930         76372.8        0.174668E+22
        98     645.195        0.515665         1.25704         81708.3        0.196122E+22
        99    0.126641E+07    0.964399        0.426139E-03     2137.28        0.498541E+20
       100     63641.7        0.111123         1.21962         293.796        0.286012E+19
       101     63729.4        0.261713         1.14527         11402.4        0.212547E+21
       102     63819.3        0.293809         1.03920         21874.1        0.422583E+21
       103     63909.3        0.332426        0.935082         31488.0        0.633050E+21
       104     63999.4        0.372993        0.841824         40271.3        0.844066E+21
       105     64089.6        0.414006        0.760268         48311.9        0.105575E+22
       106     64180.0        0.455040        0.689345         55704.2        0.126825E+22
       107     64270.5        0.495939        0.627777         62535.9        0.148171E+22
       108     64361.1        0.536530        0.574417         68886.6        0.169633E+22
       109     64451.9        0.576560        0.528252         74817.7        0.191120E+22
       110     632370.         1.29320        0.885165E-04     27.2808        0.286012E+19
       111     63641.7        0.152023         2.11031         1096.74        0.108552E+20
       112     63729.4        0.175322         1.98145         12159.8        0.220568E+21
       113     63819.3        0.201269         1.79706         22564.6        0.430633E+21
       114     63909.3        0.231590         1.61694         32113.0        0.641134E+21
       115     63999.4        0.262820         1.45579         40838.1        0.852193E+21
       116     64089.6        0.293869         1.31491         48828.1        0.106393E+22
       117     64180.0        0.324496         1.19243         56177.0        0.127650E+22
       118     64270.5        0.354672         1.08612         62971.4        0.149005E+22
       119     64361.1        0.384357        0.994009         69290.6        0.170476E+22
       120     64451.9        0.413426        0.914352         75192.7        0.191955E+22
       121     632370.         1.65360        0.161054E-03     104.239        0.108552E+20
       122     63641.7        0.166910         3.01806         2333.74        0.233593E+20
       123     63729.4        0.181339         2.82567         13322.8        0.233099E+21
       124     63819.3        0.208412         2.56048         23622.3        0.443192E+21
       125     63909.3        0.239604         2.30337         33068.4        0.653729E+21
       126     63999.4        0.271619         2.07378         41702.2        0.864833E+21
       127     64089.6        0.303431         1.87319         49613.1        0.107663E+22
       128     64180.0        0.334814         1.69885         56893.5        0.128926E+22
       129     64270.5        0.365738         1.54760         63629.1        0.150290E+22
       130     64361.1        0.396155         1.41659         69898.1        0.171769E+22
       131     64451.9        0.425920         1.30338         75754.9        0.193242E+22
       132     632370.         1.62056        0.251238E-03     231.539        0.233593E+20
       133     63641.7        0.178314         3.76357         3969.62        0.400092E+20
       134     63729.4        0.194432         3.50792         14854.0        0.249777E+21
       135     63819.3        0.223443         3.17444         25012.2        0.459899E+21
       136     63909.3        0.256317         2.85461         34322.2        0.670474E+21
       137     63999.4        0.289948         2.56986         42835.1        0.881622E+21
       138     64089.6        0.323377         2.32133         50640.6        0.109348E+22
       139     64180.0        0.356392         2.10547         57830.1        0.130618E+22
       140     64270.5        0.388948         1.91833         64487.3        0.151990E+22
       141     64361.1        0.420983         1.75631         70689.3        0.173477E+22
       142     64451.9        0.452316         1.61643         76486.4        0.194944E+22
       143     632370.         1.50386        0.350372E-03     417.735        0.400092E+20
       144     63641.7        0.190119         4.11832         5870.61        0.594264E+20
       145     63729.4        0.209425         3.81831         16623.9        0.269222E+21
       146     63819.3        0.240684         3.44989         26615.8        0.479377E+21
       147     63909.3        0.275478         3.10102         35767.7        0.689991E+21
       148     63999.4        0.310936         2.79154         44140.3        0.901185E+21
       149     64089.6        0.346179         2.52179         51824.0        0.111310E+22
       150     64180.0        0.381011         2.28769         58908.1        0.132587E+22
       151     64270.5        0.415375         2.08491         65474.4        0.153967E+22
       152     64361.1        0.449186         1.90948         71598.5        0.175462E+22
       153     64451.9        0.482225         1.75817         77327.0        0.196923E+22
       154     632370.         1.38459        0.432698E-03     660.817        0.594264E+20
       155     63641.7        0.199903         4.16190         7867.52        0.798306E+20
       156     63729.4        0.222572         3.83769         18473.0        0.289653E+21
       157     63819.3        0.255972         3.46173         28288.2        0.499842E+21
       158     63909.3        0.292504         3.11034         37274.3        0.710497E+21
       159     63999.4        0.329566         2.79985         45500.4        0.921738E+21
       160     64089.6        0.366380         2.52961         53057.0        0.113371E+22
       161     64180.0        0.402767         2.29532         60031.2        0.134655E+22
       162     64270.5        0.438658         2.09255         66503.0        0.156044E+22
       163     64361.1        0.473952         1.91727         72545.9        0.177545E+22
       164     64451.9        0.508390         1.76626         78203.4        0.199002E+22
       165     632370.         1.27397        0.490028E-03     947.768        0.798306E+20
       166     63641.7        0.211474         3.88282         9807.38        0.999024E+20
       167     63729.4        0.237444         3.56264         20259.9        0.309752E+21
       168     63819.3        0.273049         3.20902         29902.0        0.519976E+21
       169     63909.3        0.311423         2.88242         38727.6        0.730673E+21
       170     63999.4        0.350211         2.59486         46812.5        0.941963E+21
       171     64089.6        0.388718         2.34495         54246.7        0.115399E+22
       172     64180.0        0.426782         2.12847         61115.3        0.136690E+22
       173     64270.5        0.464314         1.94129         67496.4        0.158088E+22
       174     64361.1        0.501196         1.77961         73461.4        0.179594E+22
       175     64451.9        0.537132         1.64046         79051.1        0.201048E+22
       176     632370.         1.20357        0.504995E-03     1257.45        0.999024E+20
       177     63641.7        0.226645         3.39165         11561.6        0.118798E+21
       178     63729.4        0.255802         3.09928         21868.8        0.328674E+21
       179     63819.3        0.293768         2.78858         31353.6        0.538932E+21
       180     63909.3        0.334235         2.50444         40034.9        0.749674E+21
       181     63999.4        0.375043         2.25505         47993.3        0.961014E+21
       182     64089.6        0.415557         2.03856         55318.0        0.117310E+22
       183     64180.0        0.455615         1.85120         62092.4        0.138609E+22
       184     64270.5        0.495108         1.68931         68392.4        0.160015E+22
       185     64361.1        0.533894         1.54957         74287.8        0.181524E+22
       186     64451.9        0.571631         1.42941         79817.6        0.202977E+22
       187     632370.         1.17682        0.479257E-03     1563.79        0.118798E+21
       188     63641.7        0.252112         2.73429         13039.2        0.135956E+21
       189     63729.4        0.289527         2.50194         23222.4        0.345858E+21
       190     63819.3        0.336032         2.25678         32575.9        0.556151E+21
       191     63909.3        0.384445         2.03258         41137.5        0.766936E+21
       192     63999.4        0.432371         1.83553         48991.3        0.978328E+21
       193     64089.6        0.479191         1.66427         56225.4        0.119047E+22
       194     64180.0        0.524828         1.51592         62921.9        0.140353E+22
       195     64270.5        0.569251         1.38767         69155.2        0.161768E+22
       196     64361.1        0.612392         1.27691         74992.9        0.183279E+22
       197     64451.9        0.653942         1.18165         80473.9        0.204732E+22
       198     632370.         1.17759        0.425527E-03     1845.38        0.135956E+21
       199     63641.7        0.253039         2.31375         14258.3        0.150586E+21
       200     63729.4        0.288342         2.09068         24334.1        0.360514E+21
       201     63819.3        0.330982         1.87113         33578.3        0.570841E+21
       202     63909.3        0.375912         1.67486         42041.4        0.781669E+21
       203     63999.4        0.421398         1.50402         49809.3        0.993115E+21
       204     64089.6        0.466932         1.35630         56969.4        0.120532E+22
       205     64180.0        0.512343         1.22879         63602.4        0.141845E+22
       206     64270.5        0.557450         1.11888         69781.4        0.163269E+22
       207     64361.1        0.602034         1.02419         75572.1        0.184779E+22
       208     64451.9        0.645635        0.942926         81013.9        0.206234E+22
       209     632370.         1.21382        0.352777E-03     2087.74        0.150586E+21
       210     127283.        0.158945        0.772045         185.839        0.356986E+19
       211     127463.        0.394120        0.731902         11302.7        0.213256E+21
       212     127643.        0.447662        0.667869         21784.6        0.423293E+21
       213     127823.        0.511798        0.603477         31408.0        0.633760E+21
       214     128003.        0.578133        0.545264         40199.7        0.844776E+21
       215     128184.        0.643987        0.494125         48247.6        0.105646E+22
       216     128365.        0.708716        0.449533         55646.3        0.126896E+22
       217     128545.        0.772218        0.410750         62483.5        0.148242E+22
       218     128727.        0.834392        0.377086         68838.9        0.169704E+22
       219     120779.        0.895003        0.347927         74774.1        0.191191E+22
       220     1.00000         1.85001        0.567821E-04     17.4896        0.356986E+19
       221     127283.        0.229547         1.29699         684.518        0.136837E+20
       222     127463.        0.266325         1.23225         11779.4        0.223397E+21
       223     127643.        0.310954         1.12556         22223.1        0.433461E+21
       224     127823.        0.362786         1.01826         31808.2        0.643962E+21
       225     128003.        0.415212        0.921163         40565.6        0.855021E+21
       226     128184.        0.466233        0.835786         48583.7        0.106676E+22
       227     128365.        0.515508        0.761277         55956.8        0.127933E+22
       228     128545.        0.563138        0.696436         62772.2        0.149288E+22
       229     128727.        0.609218        0.640125         69109.6        0.170758E+22
       230     120779.        0.653702        0.591340         75027.4        0.192238E+22
       231     1.00000         2.49539        0.100438E-03     65.9485        0.136837E+20
       232     127283.        0.253615         1.87058         1448.27        0.298040E+20
       233     127463.        0.274467         1.77864         12508.6        0.239544E+21
       234     127643.        0.319511         1.62718         22893.2        0.449637E+21
       235     127823.        0.371266         1.47474         32418.8        0.660174E+21
       236     128003.        0.423365         1.33658         41122.5        0.871277E+21
       237     128184.        0.473910         1.21489         49093.8        0.108307E+22
       238     128365.        0.522599         1.10856         56426.5        0.129571E+22
       239     128545.        0.569540         1.01594         63207.3        0.150934E+22
       240     128727.        0.614829        0.935441         69515.3        0.172414E+22
       241     120779.        0.658411        0.865676         75405.7        0.193886E+22
       242     1.00000         2.44358        0.158710E-03     145.883        0.298040E+20
       243     127283.        0.268975         2.39048         2475.85        0.517564E+20
       244     127463.        0.290625         2.27159         13488.7        0.261524E+21
       245     127643.        0.336841         2.08106         23793.9        0.471647E+21
       246     127823.        0.389184         1.88979         33239.7        0.682221E+21
       247     128003.        0.441590         1.71629         41871.4        0.893369E+21
       248     128184.        0.492289         1.56325         49779.5        0.110522E+22
       249     128365.        0.541017         1.42936         57057.5        0.131793E+22
       250     128545.        0.587889         1.31261         63791.0        0.153165E+22
       251     128727.        0.632993         1.21106         70058.8        0.174652E+22
       252     120779.        0.676255         1.12303         75912.5        0.196119E+22
       253     1.00000         2.21977        0.229082E-03     265.741        0.517564E+20
       254     127283.        0.290453         2.59236         3677.76        0.777400E+20
       255     127463.        0.315393         2.45830         14632.7        0.287535E+21
       256     127643.        0.363458         2.25420         24845.8        0.497690E+21
       257     127823.        0.417030         2.05072         34199.6        0.708305E+21
       258     128003.        0.470397         1.86622         42748.0        0.919499E+21
       259     128184.        0.521930         1.70332         50583.1        0.113141E+22
       260     128365.        0.571404         1.56066         57797.6        0.134418E+22
       261     128545.        0.618924         1.43617         64476.2        0.155799E+22
       262     128727.        0.664566         1.32781         70696.9        0.177293E+22
       263     120779.        0.708219         1.23386         76508.4        0.198755E+22
       264     1.00000         2.03408        0.284304E-03     425.078        0.777400E+20
       265     127283.        0.305331         2.62063         4935.67        0.105224E+21
       266     127463.        0.334009         2.47776         15826.7        0.315046E+21
       267     127643.        0.383573         2.27314         25944.2        0.525236E+21
       268     127823.        0.437822         2.07112         35203.4        0.735891E+21
       269     128003.        0.491527         1.88821         43666.3        0.947132E+21
       270     128184.        0.543249         1.72665         51426.3        0.115910E+22
       271     128365.        0.592815         1.58505         58575.4        0.137194E+22
       272     128545.        0.640333         1.46142         65197.4        0.158583E+22
       273     128727.        0.685869         1.35377         71369.5        0.180084E+22
       274     120779.        0.729291         1.26043         77137.7        0.201541E+22
       275     1.00000         1.84196        0.326439E-03     615.084        0.105224E+21
       276     127283.        0.316208         2.51078         6174.13        0.132218E+21
       277     127463.        0.348574         2.36631         16998.7        0.342067E+21
       278     127643.        0.399435         2.17138         27022.9        0.552291E+21
       279     127823.        0.454106         1.98093         36190.6        0.762988E+21
       280     128003.        0.507878         1.80885         44571.0        0.974278E+21
       281     128184.        0.559507         1.65685         52258.5        0.118630E+22
       282     128365.        0.608883         1.52356         59344.4        0.139922E+22
       283     128545.        0.656117         1.40715         65911.8        0.161319E+22
       284     128727.        0.701278         1.30575         72036.8        0.182825E+22
       285     120779.        0.744214         1.21784         77763.5        0.204280E+22
       286     1.00000         1.68213        0.349316E-03     825.540        0.132218E+21
       287     127283.        0.326653         2.30211         7335.91        0.157295E+21
       288     127463.        0.362387         2.16290         18095.0        0.367171E+21
       289     127643.        0.414433         1.98481         28032.2        0.577430E+21
       290     127823.        0.469501         1.81258         37115.5        0.788171E+21
       291     128003.        0.523364         1.65730         45420.0        0.999511E+21
       292     128184.        0.574956         1.52016         53040.9        0.121160E+22
       293     128365.        0.624222         1.39989         60068.8        0.142458E+22
       294     128545.        0.671274         1.29482         66586.1        0.163864E+22
       295     128727.        0.716179         1.20328         72667.6        0.185373E+22
       296     120779.        0.758768         1.12392         78356.7        0.206827E+22
       297     1.00000         1.57076        0.350881E-03     1043.66        0.157295E+21
       298     127283.        0.342564         2.01223         8377.75        0.179748E+21
       299     127463.        0.381410         1.88502         19075.4        0.389650E+21
       300     127643.        0.434884         1.72953         28935.2        0.599943E+21
       301     127823.        0.490800         1.58061         37944.1        0.810728E+21
       302     128003.        0.545314         1.44666         46182.0        0.102212E+22
       303     128184.        0.597495         1.32840         53744.4        0.123427E+22
       304     128365.        0.647314         1.22468         60721.4        0.144732E+22
       305     128545.        0.694877         1.13407         67194.7        0.166147E+22
       306     128727.        0.740233         1.05512         73238.1        0.187658E+22
       307     120779.        0.783191        0.986694         78894.6        0.209112E+22
       308     1.00000         1.52251        0.329903E-03     1255.73        0.179748E+21
       309     127283.        0.354377         1.75233         9287.36        0.199560E+21
       310     127463.        0.395567         1.63562         19929.1        0.409488E+21
       311     127643.        0.449761         1.49932         29721.6        0.619814E+21
       312     127823.        0.505953         1.37018         38666.4        0.830643E+21
       313     128003.        0.560688         1.25441         46847.2        0.104209E+22
       314     128184.        0.613158         1.15230         54359.5        0.125430E+22
       315     128365.        0.663341         1.06279         61293.0        0.146743E+22
       316     128545.        0.711316        0.984622         67729.0        0.168166E+22
       317     128727.        0.757104        0.916527         73739.4        0.189676E+22
       318     120779.        0.800484        0.857525         79368.8        0.211132E+22
       319     1.00000         1.49145        0.302584E-03     1452.74        0.199560E+21
       320     127283.        0.362140         1.43986         10059.3        0.216244E+21
       321     127463.        0.405104         1.34110         20652.0        0.426198E+21
       322     127643.        0.459802         1.22904         30387.5        0.636556E+21
       323     127823.        0.516076         1.12359         39278.9        0.847430E+21
       324     128003.        0.570767         1.02924         47412.0        0.105893E+22
       325     128184.        0.623165        0.946072         54882.7        0.127120E+22
       326     128365.        0.673268        0.873174         61780.3        0.148441E+22
       327     128545.        0.721146        0.809520         68185.3        0.169873E+22
       328     128727.        0.766812        0.754076         74168.0        0.191380E+22
       329     120779.        0.810042        0.706032         79775.7        0.212838E+22
       330     1.00000         1.45223        0.260114E-03     1628.12        0.216244E+21
       331     127283.        0.163263        0.654751         157.584        0.315195E+19
       332     127463.        0.437618        0.620700         11275.9        0.212838E+21
       333     127643.        0.494140        0.566380         21760.1        0.422875E+21
       334     127823.        0.562279        0.511756         31385.9        0.633342E+21
       335     128003.        0.633109        0.462379         40179.7        0.844358E+21
       336     128184.        0.703747        0.419004         48229.5        0.105604E+22
       337     128365.        0.773455        0.381183         55629.9        0.126854E+22
       338     128545.        0.842063        0.348290         62468.4        0.148200E+22
       339     128727.        0.909404        0.319741         68825.1        0.169662E+22
       340     120781.        0.975177        0.295011         74761.4        0.191149E+22
       341     1.00000         1.90336        0.481541E-04     14.8400        0.315195E+19
       342     127283.        0.239875         1.06810         572.807        0.119836E+20
       343     127463.        0.280597         1.01511         11673.4        0.221696E+21
       344     127643.        0.326087        0.927266         22126.3        0.431761E+21
       345     127823.        0.379190        0.838845         31720.7        0.642262E+21
       346     128003.        0.433080        0.758828         40486.5        0.853321E+21
       347     128184.        0.485672        0.688469         48511.9        0.106506E+22
       348     128365.        0.536588        0.627073         55891.5        0.127763E+22
       349     128545.        0.585901        0.573645         62712.5        0.149118E+22
       350     128727.        0.633685        0.527247         69054.8        0.170588E+22
       351     120781.        0.679874        0.487050         74976.7        0.192068E+22
       352     1.00000         2.63486        0.822150E-04     55.0586        0.119836E+20
       353     127283.        0.257112         1.60928         1218.34        0.261989E+20
       354     127463.        0.277517         1.53182         12290.7        0.235939E+21
       355     127643.        0.322558         1.40180         22694.2        0.446031E+21
       356     127823.        0.374568         1.27054         32238.8        0.656569E+21
       357     128003.        0.427018         1.15150         40959.6        0.867672E+21
       358     128184.        0.477949         1.04664         48946.0        0.107947E+22
       359     128365.        0.527034        0.955018         56291.8        0.129210E+22
       360     128545.        0.574371        0.875208         63084.0        0.150574E+22
       361     128727.        0.620056        0.805843         69401.9        0.172053E+22
       362     120781.        0.664030        0.745725         75301.0        0.193526E+22
       363     1.00000         2.53775        0.134187E-03     121.811        0.261989E+20
       364     127283.        0.267874         2.13367         2120.94        0.460362E+20
       365     127463.        0.288277         2.03120         13153.3        0.255804E+21
       366     127643.        0.334062         1.86177         23487.6        0.465926E+21
       367     127823.        0.386228         1.69084         32962.5        0.676501E+21
       368     128003.        0.438527         1.53558         41620.3        0.887649E+21
       369     128184.        0.489123         1.39860         49551.5        0.109950E+22
       370     128365.        0.537734         1.27874         56849.5        0.131221E+22
       371     128545.        0.584469         1.17424         63600.5        0.152592E+22
       372     128727.        0.629430         1.08333         69883.5        0.174080E+22
       373     120781.        0.672547         1.00452         75750.4        0.195547E+22
       374     1.00000         2.29275        0.198727E-03     224.664        0.460362E+20
       375     127283.        0.289718         2.33843         3199.62        0.698753E+20
       376     127463.        0.313000         2.22265         14182.5        0.279670E+21
       377     127643.        0.360587         2.03938         24434.9        0.489826E+21
       378     127823.        0.414045         1.85546         33827.3        0.700440E+21
       379     128003.        0.467403         1.68841         42410.5        0.911633E+21
       380     128184.        0.518941         1.54086         50276.2        0.112354E+22
       381     128365.        0.568407         1.41162         57517.4        0.133632E+22
       382     128545.        0.615901         1.29884         64219.3        0.155012E+22
       383     128727.        0.661512         1.20066         70460.2        0.176507E+22
       384     120781.        0.705135         1.11554         76289.2        0.197968E+22
       385     1.00000         2.12134        0.247238E-03     363.019        0.698753E+20
       386     127283.        0.306595         2.36029         4333.41        0.952412E+20
       387     127463.        0.333354         2.23764         15261.7        0.305063E+21
       388     127643.        0.382538         2.05428         25428.8        0.515253E+21
       389     127823.        0.436895         1.87182         34736.0        0.725908E+21
       390     128003.        0.490861         1.70627         43242.1        0.937149E+21
       391     128184.        0.542871         1.55998         51040.1        0.114912E+22
       392     128365.        0.592721         1.43175         58222.3        0.136196E+22
       393     128545.        0.640508         1.31978         64873.3        0.157585E+22
       394     128727.        0.686312         1.22226         71070.5        0.179086E+22
       395     120781.        0.730001         1.13771         76860.5        0.200543E+22
       396     1.00000         1.94172        0.282083E-03     527.659        0.952412E+20
       397     127283.        0.322394         2.22271         5439.50        0.120261E+21
       398     127463.        0.352722         2.10106         16311.8        0.330110E+21
       399     127643.        0.403513         1.92940         26396.3        0.540334E+21
       400     127823.        0.458766         1.76021         35621.9        0.751031E+21
       401     128003.        0.513333         1.60698         44054.2        0.962321E+21
       402     128184.        0.565813         1.47154         51787.4        0.117435E+22
       403     128365.        0.616046         1.35277         58913.2        0.138726E+22
       404     128545.        0.664129         1.24903         65515.5        0.160124E+22
       405     128727.        0.710135         1.15864         71670.8        0.181630E+22
       406     120781.        0.753908         1.08028         77423.7        0.203084E+22
       407     1.00000         1.80372        0.295971E-03     707.696        0.120261E+21
       408     127283.        0.334011         2.02179         6464.15        0.143623E+21
       409     127463.        0.367571         1.90575         17282.1        0.353500E+21
       410     127643.        0.419628         1.75023         27290.7        0.563758E+21
       411     127823.        0.475433         1.59837         36442.0        0.774499E+21
       412     128003.        0.530268         1.46112         44807.4        0.985839E+21
       413     128184.        0.582891         1.33981         52481.8        0.119792E+22
       414     128365.        0.633188         1.23339         59556.6        0.141091E+22
       415     128545.        0.681258         1.14042         66114.6        0.162497E+22
       416     128727.        0.727173         1.05940         72231.7        0.184006E+22
       417     120781.        0.770760        0.989158         77951.4        0.205460E+22
       418     1.00000         1.68977        0.294586E-03     891.675        0.143623E+21
       419     127283.        0.353026         1.75504         7376.28        0.164786E+21
       420     127463.        0.389685         1.64969         18143.8        0.374688E+21
       421     127643.        0.443404         1.51483         28085.4        0.584980E+21
       422     127823.        0.500389         1.38436         37171.8        0.795766E+21
       423     128003.        0.556241         1.26669         45478.8        0.100716E+22
       424     128184.        0.609831         1.16272         53102.0        0.121930E+22
       425     128365.        0.661066         1.07152         60132.2        0.143236E+22
       426     128545.        0.710029        0.991838         66651.9        0.164651E+22
       427     128727.        0.756777        0.922391         72735.7        0.186162E+22
       428     120781.        0.801105        0.862188         78427.0        0.207615E+22
       429     1.00000         1.65128        0.274875E-03     1069.09        0.164786E+21
       430     127283.        0.366939         1.55264         8175.57        0.183862E+21
       431     127463.        0.406074         1.45408         18896.9        0.393790E+21
       432     127643.        0.460732         1.33389         28780.1        0.604116E+21
       433     127823.        0.518255         1.21889         37810.3        0.814945E+21
       434     128003.        0.574610         1.11552         46067.2        0.102639E+22
       435     128184.        0.628781         1.02429         53646.5        0.123860E+22
       436     128365.        0.680679        0.944301         60638.5        0.145173E+22
       437     128545.        0.730358        0.874433         67125.5        0.166597E+22
       438     128727.        0.777842        0.813554         73180.3        0.188106E+22
       439     120781.        0.822893        0.760792         78848.1        0.209562E+22
       440     1.00000         1.62478        0.256112E-03     1234.48        0.183862E+21
       441     127283.        0.389712         1.32065         8870.37        0.200880E+21
       442     127463.        0.431377         1.23368         19550.0        0.410833E+21
       443     127643.        0.487710         1.13114         29382.5        0.621192E+21
       444     127823.        0.546693         1.03380         38364.6        0.832066E+21
       445     128003.        0.604497        0.946510         46578.6        0.104357E+22
       446     128184.        0.660162        0.869527         54120.5        0.125584E+22
       447     128365.        0.713591        0.802047         61080.1        0.146904E+22
       448     128545.        0.764804        0.743117         67539.5        0.168337E+22
       449     128727.        0.813791        0.691780         73569.4        0.189844E+22
       450     120781.        0.860284        0.647287         79217.9        0.211302E+22
       451     1.00000         1.64525        0.228017E-03     1385.32        0.200880E+21
       452     127283.        0.374351         1.17948         9475.48        0.215463E+21
       453     127463.        0.416539         1.10029         20118.0        0.425441E+21
       454     127643.        0.471681         1.00889         29906.9        0.635832E+21
       455     127823.        0.528818        0.922547         38847.8        0.846750E+21
       456     128003.        0.584507        0.845208         47025.2        0.105831E+22
       457     128184.        0.637931        0.777019         54535.2        0.127064E+22
       458     128365.        0.689053        0.717248         61467.4        0.148392E+22
       459     128545.        0.737924        0.665050         67903.4        0.169834E+22
       460     128727.        0.784554        0.619579         73911.9        0.191337E+22
       461     120781.        0.828721        0.580159         79544.6        0.212797E+22
       462     1.00000         1.51168        0.212031E-03     1522.48        0.215463E+21
       463     127283.        0.147535        0.607095         146.112        0.250033E+19
       464     127463.        0.442091        0.575864         11265.2        0.212187E+21
       465     127643.        0.498791        0.525627         21750.3        0.422224E+21
       466     127823.        0.567241        0.475027         31377.1        0.632690E+21
       467     128003.        0.638397        0.429260         40171.8        0.843706E+21
       468     128184.        0.709339        0.389046         48222.3        0.105539E+22
       469     128365.        0.779320        0.353976         55623.3        0.126789E+22
       470     128545.        0.848167        0.323471         62462.4        0.148135E+22
       471     128727.        0.915713        0.296992         68819.7        0.169597E+22
       472     120784.        0.981657        0.274054         74756.4        0.191084E+22
       473     1.00000         1.72296        0.444227E-04     13.6994        0.250033E+19
       474     127283.        0.213509         1.00670         535.064        0.953715E+19
       475     127463.        0.255193        0.957593         11637.9        0.219250E+21
       476     127643.        0.298951        0.875062         22094.1        0.429314E+21
       477     127823.        0.349788        0.791792         31691.7        0.639816E+21
       478     128003.        0.401116        0.716373         40460.3        0.850875E+21
       479     128184.        0.450943        0.650034         48488.3        0.106262E+22
       480     128365.        0.498946        0.592132         55870.0        0.127518E+22
       481     128545.        0.545243        0.541738         62692.9        0.148873E+22
       482     128727.        0.589953        0.497969         69036.8        0.170344E+22
       483     120784.        0.633054        0.460045         74960.1        0.191824E+22
       484     1.00000         2.37023        0.765580E-04     51.0468        0.953715E+19
       485     127283.        0.218962         1.62555         1169.76        0.211681E+20
       486     127463.        0.238770         1.54892         12245.6        0.230908E+21
       487     127643.        0.281345         1.41798         22653.4        0.441001E+21
       488     127823.        0.330094         1.28541         32202.1        0.651538E+21
       489     128003.        0.378864         1.16505         40926.6        0.862641E+21
       490     128184.        0.425845         1.05898         48916.1        0.107444E+22
       491     128365.        0.470796        0.966280         56264.7        0.128707E+22
       492     128545.        0.513883        0.885512         63059.2        0.150070E+22
       493     128727.        0.555264        0.815304         69379.2        0.171550E+22
       494     120784.        0.594945        0.754449         75280.1        0.193023E+22
       495     1.00000         2.21415        0.132430E-03     115.516        0.211681E+20
       496     127283.        0.226884         2.18792         2089.41        0.376920E+20
       497     127463.        0.246826         2.08458         13125.3        0.247460E+21
       498     127643.        0.290186         1.91107         23462.7        0.457582E+21
       499     127823.        0.339115         1.73553         32940.3        0.668157E+21
       500     128003.        0.387765         1.57593         41600.3        0.879305E+21
       501     128184.        0.434458         1.43505         49533.4        0.109116E+22
       502     128365.        0.479006         1.31175         56833.2        0.130386E+22
       503     128545.        0.521590         1.20422         63585.6        0.151758E+22
       504     128727.        0.562375         1.11067         69869.8        0.173246E+22
       505     120784.        0.601359         1.02956         75737.7        0.194712E+22
       506     1.00000         2.01655        0.196836E-03     217.263        0.376920E+20
       507     127283.        0.245522         2.39048         3193.69        0.574921E+20
       508     127463.        0.268438         2.27319         14179.5        0.267287E+21
       509     127643.        0.313633         2.08554         24432.9        0.477442E+21
       510     127823.        0.363884         1.89682         33825.8        0.688057E+21
       511     128003.        0.413638         1.72527         42409.1        0.899250E+21
       512     128184.        0.461344         1.57368         50274.9        0.111116E+22
       513     128365.        0.506849         1.44087         57516.0        0.132394E+22
       514     128545.        0.550331         1.32496         64217.9        0.153774E+22
       515     128727.        0.591939         1.22404         70458.7        0.175269E+22
       516     120784.        0.631639         1.13654         76287.7        0.196730E+22
       517     1.00000         1.88957        0.241441E-03     353.240        0.574921E+20
       518     127283.        0.260237         2.38145         4345.04        0.782833E+20
       519     127463.        0.286668         2.25793         15275.7        0.288105E+21
       520     127643.        0.333555         2.07204         25442.1        0.498295E+21
       521     127823.        0.384834         1.88677         34748.0        0.708950E+21
       522     128003.        0.435357         1.71858         43252.5        0.920191E+21
       523     128184.        0.483731         1.56990         51049.0        0.113216E+22
       524     128365.        0.529852         1.43953         58229.8        0.134500E+22
       525     128545.        0.573896         1.32569         64879.5        0.155889E+22
       526     128727.        0.616001         1.22653         71075.6        0.177390E+22
       527     120784.        0.656101         1.14056         76864.6        0.198847E+22
       528     1.00000         1.74963        0.269234E-03     512.080        0.782833E+20
       529     127283.        0.272234         2.22953         5457.73        0.984859E+20
       530     127463.        0.302193         2.10704         16331.9        0.308335E+21
       531     127643.        0.350667         1.93347         26414.7        0.518559E+21
       532     127823.        0.402838         1.76222         35637.8        0.729256E+21
       533     128003.        0.453981         1.60705         44067.4        0.940546E+21
       534     128184.        0.502871         1.46985         51798.1        0.115257E+22
       535     128365.        0.549452         1.34951         58921.6        0.136549E+22
       536     128545.        0.593901         1.24439         65521.9        0.157946E+22
       537     128727.        0.636351         1.15280         71675.3        0.179452E+22
       538     120784.        0.676708         1.07339         77426.6        0.200907E+22
       539     1.00000         1.63042        0.278410E-03     682.604        0.984859E+20
       540     127283.        0.282295         1.99915         6478.38        0.117081E+21
       541     127463.        0.315452         1.88343         17298.0        0.326957E+21
       542     127643.        0.365293         1.72796         27304.6        0.537215E+21
       543     127823.        0.418182         1.57604         36452.8        0.747956E+21
       544     128003.        0.469798         1.43867         44815.0        0.959296E+21
       545     128184.        0.519068         1.31722         52486.4        0.117138E+22
       546     128365.        0.565982         1.21066         59558.5        0.138437E+22
       547     128545.        0.610722         1.11756         66114.2        0.159843E+22
       548     128727.        0.653412         1.03643         72229.1        0.181352E+22
       549     120784.        0.693937        0.966104         77946.9        0.202805E+22
       550     1.00000         1.53904        0.271202E-03     853.784        0.117081E+21
       551     127283.        0.292012         1.73473         7379.97        0.133572E+21
       552     127463.        0.327954         1.62956         18149.3        0.343475E+21
       553     127643.        0.379006         1.49456         28088.9        0.553767E+21
       554     127823.        0.432559         1.36381         37172.0        0.764552E+21
       555     128003.        0.484651         1.24583         45475.8        0.975944E+21
       556     128184.        0.534338         1.14156         53095.9        0.118809E+22
       557     128365.        0.581646         1.05007         60123.4        0.140115E+22
       558     128545.        0.626753        0.970125         66640.5        0.161530E+22
       559     128727.        0.669774        0.900457         72722.1        0.183040E+22
       560     120784.        0.710575        0.840068         78411.6        0.204494E+22
       561     1.00000         1.47891        0.251462E-03     1016.57        0.133572E+21
       562     127283.        0.305385         1.50277         8162.14        0.148325E+21
       563     127463.        0.343622         1.40607         18885.8        0.358253E+21
       564     127643.        0.395639         1.28793         28767.4        0.568579E+21
       565     127823.        0.449851         1.17481         37794.8        0.779408E+21
       566     128003.        0.502620         1.07308         46048.7        0.990854E+21
       567     128184.        0.553104        0.983284         53625.2        0.120306E+22
       568     128365.        0.601328        0.904533         60614.7        0.141619E+22
       569     128545.        0.647437        0.835748         67099.4        0.163043E+22
       570     128727.        0.691507        0.775818         73152.2        0.184553E+22
       571     120784.        0.733366        0.723885         78818.2        0.206008E+22
       572     1.00000         1.47250        0.228136E-03     1165.91        0.148325E+21
       573     127283.        0.320970         1.29819         8839.29        0.161801E+21
       574     127463.        0.361378         1.21135         19521.7        0.371755E+21
       575     127643.        0.414678         1.10878         29353.1        0.582113E+21
       576     127823.        0.469948         1.01133         38332.9        0.792987E+21
       577     128003.        0.523768        0.923914         46544.3        0.100449E+22
       578     128184.        0.575364        0.846797         54083.6        0.121676E+22
       579     128365.        0.624755        0.779191         61041.1        0.142997E+22
       580     128545.        0.672064        0.720154         67498.3        0.164429E+22
       581     128727.        0.717333        0.668728         73526.4        0.185936E+22
       582     120784.        0.760366        0.624169         79173.4        0.207394E+22
       583     1.00000         1.48171        0.205352E-03     1300.91        0.161801E+21
       584     127283.        0.324743         1.18684         9440.52        0.174235E+21
       585     127463.        0.366585         1.10508         20085.3        0.384213E+21
       586     127643.        0.420253         1.01099         29872.4        0.594604E+21
       587     127823.        0.475562        0.922165         38810.3        0.805521E+21
       588     128003.        0.529348        0.842620         46984.6        0.101708E+22
       589     128184.        0.580916        0.772494         54491.6        0.122941E+22
       590     128365.        0.630302        0.711032         61421.1        0.144270E+22
       591     128545.        0.677623        0.657369         67854.6        0.165711E+22
       592     128727.        0.722904        0.610634         73861.0        0.187214E+22
       593     120784.        0.765954        0.570134         79491.9        0.208674E+22
       594     1.00000         1.44429        0.194467E-03     1425.43        0.174235E+21
       595     127283.        0.326278         1.08819         9991.29        0.185795E+21
       596     127463.        0.369226         1.01152         20600.9        0.395798E+21
       597     127643.        0.423035        0.925078         30347.5        0.606221E+21
       598     127823.        0.478169        0.843889         39247.6        0.817182E+21
       599     128003.        0.531694        0.771287         47388.3        0.102879E+22
       600     128184.        0.582991        0.707308         54866.1        0.124120E+22
       601     128365.        0.632112        0.651246         61770.6        0.145456E+22
       602     128545.        0.679173        0.602303         68182.8        0.166906E+22
       603     128727.        0.724187        0.559687         74169.3        0.188403E+22
       604     120784.        0.766979        0.522747         79786.4        0.209867E+22
       605     1.00000         1.40367        0.183931E-03     1543.31        0.185795E+21
       606     127283.        0.307189         1.08393         10517.4        0.196426E+21
       607     127463.        0.350154         1.00620         21092.8        0.406453E+21
       608     127643.        0.402556        0.920028         30800.9        0.616908E+21
       609     127823.        0.455749        0.839416         39665.1        0.827912E+21
       610     128003.        0.507122        0.767410         47774.1        0.103958E+22
       611     128184.        0.556178        0.703973         55224.5        0.125206E+22
       612     128365.        0.603021        0.648390         62105.2        0.146550E+22
       613     128545.        0.647797        0.599867         68497.6        0.168009E+22
       614     128727.        0.690534        0.557625         74464.9        0.189499E+22
       615     120784.        0.731115        0.520994         80069.5        0.210965E+22
       616     1.00000         1.28275        0.188185E-03     1659.25        0.196426E+21
       617     127283.        0.278129         1.10942         11048.8        0.205874E+21
       618     127463.        0.320525         1.02876         21589.0        0.415927E+21
       619     127643.        0.370781        0.940554         31258.2        0.626416E+21
       620     127823.        0.421202        0.858321         40086.2        0.837462E+21
       621     128003.        0.469531        0.784925         48163.4        0.104919E+22
       622     128184.        0.515415        0.720273         55586.1        0.126173E+22
       623     128365.        0.559025        0.663624         62443.1        0.147525E+22
       624     128545.        0.600555        0.614168         68815.5        0.168994E+22
       625     128727.        0.640063        0.571123         74763.5        0.190476E+22
       626     120784.        0.677505        0.533773         80355.8        0.211945E+22
       627     1.00000         1.12995        0.197166E-03     1779.31        0.205874E+21
       628    0.489934E+07    0.000000E+00    0.000000E+00    0.000000E+00    0.000000E+00
       629    0.514570E+07    0.000000E+00    0.000000E+00    0.000000E+00    0.000000E+00
       630     990500.        0.000000E+00    0.000000E+00    0.000000E+00    0.000000E+00
       631    0.461774E+07    0.000000E+00    0.000000E+00    0.000000E+00    0.000000E+00
       632    0.588793E+07    0.000000E+00    0.000000E+00    0.000000E+00    0.000000E+00
       633     865720.        0.000000E+00    0.000000E+00    0.000000E+00    0.000000E+00
       634     565385.        0.000000E+00    0.000000E+00    0.000000E+00    0.000000E+00
       635    0.449210E+07    0.000000E+00    0.000000E+00    0.000000E+00    0.000000E+00
       636    0.449210E+07    0.000000E+00    0.000000E+00    0.000000E+00    0.000000E+00
       637    0.578036E+07    0.000000E+00    0.000000E+00    0.000000E+00    0.000000E+00
       638     746102.        0.000000E+00    0.000000E+00    0.000000E+00    0.000000E+00
       639    0.160623E+07    0.000000E+00    0.000000E+00    0.000000E+00    0.000000E+00
       640    0.160623E+07    0.000000E+00    0.000000E+00    0.000000E+00    0.000000E+00
       641    0.160623E+07    0.000000E+00    0.000000E+00    0.000000E+00    0.000000E+00
       642    0.168368E+07    0.000000E+00    0.000000E+00    0.000000E+00    0.000000E+00
       643    0.543097E+07    0.000000E+00    0.000000E+00    0.000000E+00    0.000000E+00
       644    0.306272E+07    0.000000E+00    0.000000E+00    0.000000E+00    0.000000E+00
       645     937146.        0.000000E+00    0.000000E+00    0.000000E+00    0.000000E+00
       646    0.122199E+07    0.000000E+00    0.000000E+00    0.000000E+00    0.000000E+00
       647    0.122199E+07    0.000000E+00    0.000000E+00    0.000000E+00    0.000000E+00
       648    0.122199E+07    0.000000E+00    0.000000E+00    0.000000E+00    0.000000E+00
       649    0.122199E+07    0.000000E+00    0.000000E+00    0.000000E+00    0.000000E+00
       650    0.122199E+07    0.000000E+00    0.000000E+00    0.000000E+00    0.000000E+00
       651    0.122199E+07    0.000000E+00    0.000000E+00    0.000000E+00    0.000000E+00
       652    0.122199E+07    0.000000E+00    0.000000E+00    0.000000E+00    0.000000E+00
       653    0.122199E+07    0.000000E+00    0.000000E+00    0.000000E+00    0.000000E+00
       654    0.122199E+07    0.000000E+00    0.000000E+00    0.000000E+00    0.000000E+00
       655    0.132913E+07    0.000000E+00    0.000000E+00    0.000000E+00    0.000000E+00
       656    0.103280E+08    0.000000E+00    0.000000E+00    0.000000E+00    0.000000E+00
       657     892397.        0.000000E+00    0.000000E+00    0.000000E+00    0.000000E+00
       658    0.821014E+07    0.000000E+00    0.000000E+00    0.000000E+00    0.000000E+00
       659    0.976860E+07    0.000000E+00    0.000000E+00    0.000000E+00    0.000000E+00
       660    0.976860E+07    0.000000E+00    0.000000E+00    0.000000E+00    0.000000E+00
       661    0.976860E+07    0.000000E+00    0.000000E+00    0.000000E+00    0.000000E+00
       662    0.558200E+07    0.000000E+00    0.000000E+00    0.000000E+00    0.000000E+00
       663    0.160666E+07    0.000000E+00    0.000000E+00    0.000000E+00    0.000000E+00
       664    0.345944E+07    0.000000E+00    0.000000E+00    0.000000E+00    0.000000E+00
       665    0.345944E+07    0.000000E+00    0.000000E+00    0.000000E+00    0.000000E+00
       666    0.345944E+07    0.000000E+00    0.000000E+00    0.000000E+00    0.000000E+00
       667    0.342200E+07    0.000000E+00    0.000000E+00    0.000000E+00    0.000000E+00
       668    0.378128E+07    0.000000E+00    0.000000E+00    0.000000E+00    0.000000E+00
       669    0.814043E+07    0.000000E+00    0.000000E+00    0.000000E+00    0.000000E+00
       670    0.814043E+07    0.000000E+00    0.000000E+00    0.000000E+00    0.000000E+00
       671    0.814043E+07    0.000000E+00    0.000000E+00    0.000000E+00    0.000000E+00
       672    0.635349E+07    0.000000E+00    0.000000E+00    0.000000E+00    0.000000E+00
       673    0.720200E+07    0.000000E+00    0.000000E+00    0.000000E+00    0.000000E+00
       674    0.720200E+07    0.000000E+00    0.000000E+00    0.000000E+00    0.000000E+00
       675    0.720200E+07    0.000000E+00    0.000000E+00    0.000000E+00    0.000000E+00
       676    0.561943E+07    0.000000E+00    0.000000E+00    0.000000E+00    0.000000E+00
       677    0.137658E+09    0.000000E+00    0.000000E+00    0.000000E+00    0.000000E+00
       678    0.449210E+07    0.000000E+00    0.000000E+00    0.000000E+00    0.000000E+00
       679    0.314146E+07    0.000000E+00    0.000000E+00    0.000000E+00    0.000000E+00
       680    0.930132E+07    0.000000E+00    0.000000E+00    0.000000E+00    0.000000E+00
       681     192334.        0.000000E+00    0.000000E+00    0.000000E+00    0.000000E+00
       682    0.107755E+08    0.000000E+00    0.000000E+00    0.000000E+00    0.000000E+00
       683    0.805222E+07    0.000000E+00    0.000000E+00    0.000000E+00    0.000000E+00