0		0.00000		910.9375	0.00000	0.00000
1.044386423	1.04439		925.0217581	0.00352	1.21577
2.872062663	2.87206		920.3723346	0.00968	3.34336
4.699738903	4.69974		914.1604112	0.01584	5.47095
6.788511749	6.78851		904.8289273	0.02288	7.90248
8.61618799	8.61619		898.6170039	0.02904	10.03007
10.44386423	10.44386	890.8425805	0.03520	12.15766
12.79373368	12.79373	879.9540361	0.04312	14.89314
15.14360313	15.14360	870.6279917	0.05104	17.62861
16.97127937	16.97128	861.2910683	0.05720	19.75620
19.58224543	19.58225	848.8454634	0.06600	22.79561
20.247		20.247		853.549282	0.068236792	23.56945303
30.39600	20.247		819.3809835	0.068236792	23.56945303
31.8537859	21.70479	833.4761205	0.07347	24.78732
33.94255875	23.79356	824.1446366	0.08097	26.53232
36.5535248	26.40452	808.5740318	0.09035	28.71358
39.42558747	29.27659	793.0088664	0.10067	31.11296
41.51436031	31.36536	778.9898825	0.10817	32.85796
42.03655352	31.88755	799.3132615	0.11004	33.29421
44.90861619	34.75962	786.8730962	0.12036	35.69359
47.25848564	37.10949	779.1095518	0.12880	37.65672
48.04177546	37.89278	796.3133703	0.13161	38.31110
50.1305483	39.98155	783.8568864	0.13912	40.05610
52.24100	42.09200	777.6504025	0.146695214	41.81921713
63.05000	42.09200	652.8734225	0.146695214	41.81921713
64.75195822	43.79396	649.7864991	0.15228	42.64339
66.05744125	45.09944	674.8136967	0.15656	43.27556
67.62402089	46.66602	663.9088338	0.16170	44.03418
68.1462141	47.18821	795.1697128	0.16341	44.28705
71.80156658	50.84357	776.495866	0.17540	46.05714
72.32375979	51.36576	789.006745	0.17711	46.31001
74.41253264	53.45453	774.9877611	0.18397	47.32150
75.45691906	54.49892	789.0720191	0.18739	47.82724
76.76240209	55.80440	781.2867167	0.19167	48.45942
77.2845953	56.32660	790.6725957	0.19339	48.71229
80.67885117	59.72085	779.8058094	0.20452	50.35595
82.50652742	61.54853	772.031386	0.21052	51.24100
83.02872063	62.07072	786.104765	0.21223	51.49387
84.64600	63.68800	792.3874021	0.217533708	52.2770312
95.05000	63.68800	772.2924826	0.217533708	52.2770312
96.08355091	64.72155	780.1267406	0.25079	53.01481
97.91122715	66.54923	773.9148172	0.30959	54.31947
99.73890339	68.37690	759.8903938	0.36839	55.62412
101.8276762	70.46568	745.8714099	0.43559	57.11516
103.6553525	72.29335	733.4094865	0.49440	58.41981
105.7441253	74.38213	719.3905026	0.56160	59.91084502
107.5718016	76.20980	708.4910792	0.62040	60.82453
109.921671	78.55967	694.4775348	0.69601	61.99926
112.2715405	80.90954	683.5889904	0.77161	63.17400
112.7937337	81.43173	697.6623695	0.78841	63.43505
116.45300	85.09100	678.9885226	0.906142006	65.2643738
125.18900	85.09100	647.9180265	0.906142006	65.2643738
126.3707572	86.27276	646.3827241	0.94378	65.66248
126.6318538	86.53385	715.1381636	0.95209	65.75044
127.6762402	87.57824	696.4099217	0.98535	66.10228
130.2872063	90.18921	674.5893168	1.06850	66.98186
130.8093995	90.71140	685.5376958	1.08513	67.15778
132.6370757	92.53908	674.6382724	1.14334	67.77349
133.6814621	93.58346	688.7225305	1.17660	68.12532
135.5091384	95.41114	674.698107	1.23480	68.74103
137.075718	96.97772	663.7932441	1.28469	69.26878
137.5979112	97.49991	677.8666232	1.30132	69.44470
140.55600	100.45800	676.3639578	1.395530351	70.44121954
143.24100	100.45800	576.4183529	1.395530351	70.44121954
144.386423	101.60342	574.8830505	1.43288	70.76643
144.6475196	101.86452	670.20099	1.44140	70.84056
145.9530026	103.17000	663.9781876	1.48397	71.21122
146.4751958	103.69220	674.9265666	1.50100	71.35948
147.2584856	104.47549	670.2553851	1.52654	71.58187
149.33100	106.54800	673.4184617	1.594129969	72.17030553
155.49600	106.54800	753.23651	1.594129969	72.17030553
157.1801567	108.23216	736.0870866	1.64891	72.51397
158.4856397	109.53764	718.9267842	1.69138	72.78037
158.7467363	109.79874	761.1197237	1.69987	72.83365
159.5300261	110.58203	783.0110422	1.72535	72.99348
160.8355091	111.88751	834.6007398	1.76781	73.25988
161.3577023	112.40970	797.1116188	1.78480	73.36644
162.11500	113.16700	843.9974978	1.809432325	73.52097094
162.13100	113.16700	814.3154373	1.809432325	73.52097094
164.229765	115.26577	800.2964534	1.87790	73.84966
166.3185379	117.35454	794.0899695	1.94604	74.17679
166.5796345	117.61563	826.9079091	1.95455	74.21768
168.4073107	119.44331	816.0084856	2.01418	74.50392
168.6684073	119.70441	842.5764252	2.02269	74.54481
169.7127937	120.74879	797.2856832	2.05676	74.70837
172.03300	123.06900	789.5166993	2.132450668	75.07174698
177.40400	123.06900	763.0684291	2.132450668	75.07174698
178.3289817	123.99398	755.2776871	2.16240	75.17048
178.5900783	124.25508	727.1581266	2.17086	75.19836
179.1122715	124.77727	722.4815057	2.18777	75.25410
179.3733681	125.03837	703.7369452	2.19622	75.28197
180.156658	125.82166	700.6282637	2.22159	75.36558
180.4177546	126.08275	677.1962032	2.23004	75.39345
182.90300	128.56700	658.4951588	2.310523697	75.65873816
216.10700	128.56700	592.0039164	2.310523697	75.65873816
216.7101828	129.17018	767.0147955	2.33041	75.72162
217.7545692	130.21457	776.4115535	2.36483	75.83049
220.3655352	132.82554	778.0284487	2.45090	76.10268
222.4543081	134.91431	771.8219648	2.51975	76.32043
224.2819843	136.74198	768.7350413	2.58000	76.51097
225.848564	138.30856	765.6426784	2.63164	76.67428
227.38400	139.84400	762.544876	2.682252184	76.83434744
230.00500	139.84400	479.7867711	2.682252184	76.83434744
231.0704961	140.90950	487.6264687	2.72033	76.92116
231.8537859	141.69279	762.6427872	2.74832	76.98499
232.3759791	142.21498	759.5286662	2.76698	77.02753
233.6814621	143.52046	756.4308638	2.81363	77.13390
234.86900	144.70900	753.3276218	2.8560662	77.23066411
237.50800	144.70900	517.444517	2.8560662	77.23066411
238.1201044	145.32110	547.1483355	2.87575	77.27465
238.9033943	146.10439	750.289654	2.90093	77.33094
239.6866841	146.88768	726.8684726	2.92612	77.38723
240.4699739	147.67097	709.6972911	2.95131	77.44352
241.7754569	148.97646	701.9119887	2.99328	77.53733
243.03200	150.23300	700.3766862	3.033685551	77.62763154
247.47800	150.23300	475.469158	3.033685551	77.62763154
249.0861619	151.84116	481.751795	3.08768	77.72115
249.8694517	152.62445	747.3931136	3.11399	77.76670
250.3916449	153.14664	736.4664926	3.13152	77.79706
252.2193211	154.97432	731.8170692	3.19289	77.90334
254.0469974	156.80200	730.2926458	3.25426	78.00963
256.1357702	158.89077	727.2111619	3.32440	78.13109
257.9634465	160.71845	728.8117385	3.38577	78.23737
259.0078329	161.76283	733.5209965	3.42084	78.29810
259.2689295	162.02393	467.901436	3.42960	78.31329
260.0522193	162.80722	711.6677546	3.45591	78.35884
261.31000	164.06500	714.8199521	3.498140154	78.43197865
264.185	164.06500	477.3797868	3.498140154	78.43197865
264.7519582	164.63196	693.0156658	3.51703	78.46644
265.535248	165.41525	696.1569843	3.54312	78.51404
265.7963446	165.67634	719.5999238	3.55182	78.52991
267.483	167.363	725.8880004	3.608004166	78.63241467
270.211	167.363	468.1298956	3.608004166	78.63241467
271.2793734	168.43137	474.4016536	3.64426	78.63589
272.0626632	169.21466	702.5429721	3.67085	78.63845
272.845953	169.99795	710.3717907	3.69743	78.64100
273.8903394	171.04234	707.2685487	3.73288	78.64440
274.706	171.858	713.5348673	3.760560153	78.64705691
